0 0.0517578125 0.33642578125 0.103515625 0.04443359375
0 0.00927734375 0.4921875 0.0185546875 0.02978515625
0 0.0166015625 0.5341796875 0.033203125 0.029296875
0 0.15478515625 0.58251953125 0.0341796875 0.02978515625
0 0.2607421875 0.5390625 0.03564453125 0.02978515625
0 0.333984375 0.50146484375 0.03515625 0.02587890625
0 0.33740234375 0.54638671875 0.03173828125 0.029296875
0 0.37890625 0.587890625 0.03662109375 0.0244140625
0 0.6806640625 0.6005859375 0.03515625 0.029296875
0 0.771484375 0.60791015625 0.0390625 0.029296875
0 0.455078125 0.51171875 0.03076171875 0.0244140625
0 0.46240234375 0.39697265625 0.0322265625 0.03173828125
0 0.50830078125 0.5537109375 0.021484375 0.0244140625
0 0.6328125 0.5107421875 0.03125 0.02783203125
0 0.6650390625 0.3974609375 0.0361328125 0.029296875
0 0.6875 0.36376953125 0.0185546875 0.0166015625
0 0.7412109375 0.51611328125 0.033203125 0.02587890625
0 0.732421875 0.56201171875 0.03271484375 0.03076171875
0 0.92578125 0.40771484375 0.037109375 0.0283203125
0 0.98828125 0.564453125 0.0234375 0.0283203125