0 0.1044921875 0.23291015625 0.111328125 0.068359375
0 0.02587890625 0.37353515625 0.025390625 0.033203125
0 0.0224609375 0.416015625 0.0390625 0.0361328125
0 0.14501953125 0.49658203125 0.0400390625 0.037109375
0 0.25830078125 0.47998046875 0.0419921875 0.037109375
0 0.33837890625 0.46142578125 0.0400390625 0.033203125
0 0.3310546875 0.505859375 0.0380859375 0.0361328125
0 0.361328125 0.55615234375 0.041015625 0.0322265625
0 0.65087890625 0.64111328125 0.041015625 0.037109375
0 0.7373046875 0.67041015625 0.044921875 0.0380859375
0 0.45361328125 0.50048828125 0.0361328125 0.03125
0 0.48828125 0.39111328125 0.0390625 0.0390625
0 0.4951171875 0.55419921875 0.0263671875 0.029296875
0 0.62646484375 0.54248046875 0.037109375 0.0341796875
0 0.68505859375 0.4404296875 0.0419921875 0.037109375
0 0.71484375 0.4130859375 0.0224609375 0.0205078125
0 0.72998046875 0.57421875 0.0380859375 0.033203125
0 0.71044921875 0.6162109375 0.0390625 0.0380859375
0 0.935546875 0.513671875 0.04296875 0.0361328125
0 0.9580078125 0.6806640625 0.029296875 0.033203125