0 0.94921875 0.65576171875 0.1015625 0.0458984375
0 0.990234375 0.49853515625 0.01953125 0.0302734375
0 0.98291015625 0.45751953125 0.0341796875 0.0302734375
0 0.84375 0.41162109375 0.03515625 0.0302734375
0 0.73876953125 0.45654296875 0.0361328125 0.0302734375
0 0.666015625 0.49560546875 0.03515625 0.0263671875
0 0.66162109375 0.45068359375 0.0322265625 0.0302734375
0 0.61962890625 0.41015625 0.037109375 0.025390625
0 0.3173828125 0.40234375 0.0361328125 0.0302734375
0 0.2265625 0.39697265625 0.0400390625 0.0302734375
0 0.544921875 0.4873046875 0.03125 0.025390625
0 0.53955078125 0.6025390625 0.033203125 0.0322265625
0 0.49072265625 0.4462890625 0.021484375 0.0244140625
0 0.3671875 0.49169921875 0.03125 0.0283203125
0 0.3369140625 0.60546875 0.037109375 0.0302734375
0 0.31494140625 0.6396484375 0.0185546875 0.0166015625
0 0.25830078125 0.48828125 0.033203125 0.0263671875
0 0.2666015625 0.44189453125 0.033203125 0.03125
0 0.07568359375 0.599609375 0.0380859375 0.029296875
0 0.01123046875 0.44384765625 0.0224609375 0.0283203125