0 0.0224609375 0.43212890625 0.0400390625 0.0361328125
0 0.1357421875 0.3916015625 0.0390625 0.0322265625
0 0.2568359375 0.4873046875 0.041015625 0.0283203125
0 0.25390625 0.59521484375 0.03515625 0.029296875
0 0.4443359375 0.458984375 0.0322265625 0.0322265625
0 0.61474609375 0.50927734375 0.03125 0.02734375
0 0.66748046875 0.62451171875 0.037109375 0.029296875
0 0.6513671875 0.666015625 0.0341796875 0.02734375
0 0.873046875 0.4765625 0.033203125 0.02734375
0 0.92822265625 0.52880859375 0.0380859375 0.0283203125
0 0.9892578125 0.6455078125 0.01171875 0.0263671875