0 0.0322265625 0.61767578125 0.0439453125 0.0400390625
0 0.1494140625 0.64599609375 0.0419921875 0.0361328125
0 0.25927734375 0.5380859375 0.0439453125 0.0322265625
0 0.2451171875 0.43115234375 0.0380859375 0.0322265625
0 0.44873046875 0.546875 0.03515625 0.03515625
0 0.61328125 0.478515625 0.033203125 0.0302734375
0 0.65380859375 0.3583984375 0.0400390625 0.0322265625
0 0.63330078125 0.31884765625 0.0361328125 0.0302734375
0 0.87353515625 0.484375 0.0361328125 0.0302734375
0 0.92333984375 0.4267578125 0.041015625 0.0322265625
0 0.9716796875 0.30419921875 0.0146484375 0.02734375