0 0.0205078125 0.55126953125 0.0390625 0.03466796875
0 0.13232421875 0.595703125 0.0380859375 0.03125
0 0.25634765625 0.50439453125 0.04052734375 0.02685546875
0 0.25732421875 0.396484375 0.0341796875 0.02783203125
0 0.44287109375 0.5390625 0.03076171875 0.03076171875
0 0.615234375 0.49462890625 0.0302734375 0.0263671875
0 0.671875 0.38134765625 0.03662109375 0.02783203125
0 0.6572265625 0.33935546875 0.033203125 0.0263671875
0 0.8720703125 0.53662109375 0.03271484375 0.0263671875
0 0.92919921875 0.486328125 0.03759765625 0.02685546875
0 0.994140625 0.37158203125 0.01123046875 0.0263671875