0 0.11376953125 0.5615234375 0.0361328125 0.02685546875
0 0.064453125 0.5185546875 0.03662109375 0.02783203125
0 0.080078125 0.4462890625 0.03369140625 0.02685546875
0 0.232421875 0.513671875 0.0322265625 0.0234375
0 0.32861328125 0.39697265625 0.0927734375 0.0341796875
0 0.36474609375 0.3486328125 0.1328125 0.03759765625
0 0.4150390625 0.4482421875 0.0302734375 0.02294921875
0 0.400390625 0.55859375 0.03369140625 0.0244140625
0 0.59912109375 0.54833984375 0.0361328125 0.02783203125
0 0.630859375 0.505859375 0.03857421875 0.0263671875
0 0.65185546875 0.4375 0.03466796875 0.029296875
0 0.833984375 0.591796875 0.0361328125 0.029296875
0 0.98974609375 0.591796875 0.0205078125 0.0380859375