0 0.890625 0.52001953125 0.041015625 0.0341796875
0 0.9296875 0.572265625 0.0419921875 0.03515625
0 0.8994140625 0.6396484375 0.0380859375 0.033203125
0 0.7646484375 0.54248046875 0.0361328125 0.029296875
0 0.64599609375 0.63623046875 0.09765625 0.052734375
0 0.6005859375 0.67626953125 0.1376953125 0.064453125
0 0.572265625 0.568359375 0.0341796875 0.0283203125
0 0.609375 0.46337890625 0.0380859375 0.03125
0 0.4130859375 0.43212890625 0.041015625 0.03515625
0 0.373046875 0.46728515625 0.04296875 0.0341796875
0 0.33837890625 0.52978515625 0.0400390625 0.0361328125
0 0.1923828125 0.3408203125 0.041015625 0.0361328125
0 0.0400390625 0.30859375 0.0283203125 0.0419921875