0 0.88916015625 0.458984375 0.037109375 0.0283203125
0 0.93603515625 0.50439453125 0.0380859375 0.029296875
0 0.91650390625 0.57568359375 0.03515625 0.0283203125
0 0.76806640625 0.50048828125 0.033203125 0.025390625
0 0.66552734375 0.61181640625 0.0947265625 0.0390625
0 0.626953125 0.658203125 0.134765625 0.044921875
0 0.58203125 0.55615234375 0.03125 0.0244140625
0 0.6025390625 0.44677734375 0.03515625 0.0263671875
0 0.4033203125 0.44677734375 0.037109375 0.029296875
0 0.36962890625 0.4873046875 0.0400390625 0.0283203125
0 0.34521484375 0.5546875 0.0361328125 0.03125
0 0.17138671875 0.390625 0.0380859375 0.03125
0 0.015625 0.3828125 0.0224609375 0.0390625