0 0.541015625 0.54638671875 0.03271484375 0.0283203125
0 0.08251953125 0.1484375 0.01416015625 0.0537109375
0 0.08251953125 0.2939453125 0.01806640625 0.07421875
0 0.0751953125 0.7568359375 0.0205078125 0.07080078125
0 0.0595703125 0.8359375 0.02001953125 0.04296875
0 0.03125 0.8779296875 0.02587890625 0.03564453125
0 0.02490234375 0.931640625 0.02587890625 0.02490234375
0 0.017578125 0.96240234375 0.02783203125 0.02490234375
0 0.0517578125 0.97119140625 0.03564453125 0.03759765625
0 0.083984375 0.984375 0.0224609375 0.03125
0 0.20947265625 0.93408203125 0.083984375 0.0556640625
0 0.197265625 0.90185546875 0.0244140625 0.02001953125
0 0.23486328125 0.890625 0.02294921875 0.02294921875
0 0.12548828125 0.8955078125 0.0126953125 0.01025390625
1 0.17333984375 0.83349609375 0.005859375 0.0078125
1 0.1650390625 0.8134765625 0.0078125 0.01171875
1 0.1455078125 0.81396484375 0.00732421875 0.009765625
1 0.24658203125 0.8525390625 0.0068359375 0.00830078125
0 0.27587890625 0.87744140625 0.0244140625 0.02490234375
0 0.3232421875 0.869140625 0.02490234375 0.02490234375
0 0.34375 0.8154296875 0.041015625 0.03173828125