0 0.455078125 0.45751953125 0.03515625 0.03125
0 0.9462890625 0.81396484375 0.0185546875 0.0546875
0 0.93408203125 0.6689453125 0.0244140625 0.0751953125
0 0.90087890625 0.20703125 0.0263671875 0.072265625
0 0.90966796875 0.126953125 0.0234375 0.044921875
0 0.93408203125 0.08251953125 0.029296875 0.0380859375
0 0.935546875 0.02880859375 0.0283203125 0.02734375
0 0.93994140625 0.00537109375 0.0302734375 0.0107421875
0 0.9052734375 0.005859375 0.0390625 0.01171875
0 0.75146484375 0.04248046875 0.0888671875 0.0625
0 0.7666015625 0.0732421875 0.0263671875 0.0224609375
0 0.72998046875 0.087890625 0.0244140625 0.0244140625
0 0.83837890625 0.0732421875 0.013671875 0.01171875
1 0.79638671875 0.13916015625 0.0068359375 0.0078125
1 0.80615234375 0.15869140625 0.0087890625 0.0126953125
1 0.82568359375 0.15625 0.0078125 0.0107421875
1 0.7216796875 0.126953125 0.0078125 0.0087890625
0 0.6904296875 0.1044921875 0.0263671875 0.02734375
0 0.64404296875 0.11669921875 0.02734375 0.02734375
0 0.6279296875 0.17236328125 0.0439453125 0.03515625