0 0.4521484375 0.46044921875 0.037109375 0.033203125
0 0.96728515625 0.78173828125 0.0224609375 0.0556640625
0 0.9443359375 0.63818359375 0.029296875 0.076171875
0 0.87939453125 0.1796875 0.03125 0.0732421875
0 0.88232421875 0.09912109375 0.0263671875 0.0458984375
0 0.90380859375 0.05322265625 0.03125 0.0390625
0 0.9013671875 0.0068359375 0.029296875 0.013671875
0 0.71875 0.02978515625 0.091796875 0.0595703125
0 0.736328125 0.0556640625 0.02734375 0.0234375
0 0.70068359375 0.07275390625 0.0263671875 0.0263671875
0 0.80810546875 0.05078125 0.013671875 0.01171875
1 0.7705078125 0.11962890625 0.0068359375 0.0087890625
1 0.78173828125 0.13818359375 0.009765625 0.0126953125
1 0.80078125 0.13427734375 0.0087890625 0.0107421875
1 0.6953125 0.1123046875 0.0078125 0.0087890625
0 0.662109375 0.09228515625 0.0283203125 0.0283203125
0 0.61669921875 0.10791015625 0.0283203125 0.0283203125
0 0.60498046875 0.1640625 0.0458984375 0.0380859375