0 0.53759765625 0.54736328125 0.03515625 0.0283203125
0 0.3671875 0.87158203125 0.0302734375 0.0302734375
0 0.2900390625 0.8671875 0.0244140625 0.0234375
0 0.2568359375 0.8740234375 0.025390625 0.0234375
0 0.25634765625 0.90283203125 0.025390625 0.02734375
0 0.21484375 0.91357421875 0.021484375 0.0244140625
0 0.2119140625 0.88818359375 0.029296875 0.0234375
0 0.22119140625 0.8525390625 0.0439453125 0.0380859375
0 0.177734375 0.9248046875 0.03125 0.0302734375
0 0.17724609375 0.8896484375 0.025390625 0.02734375
0 0.16796875 0.86328125 0.0302734375 0.025390625
0 0.0341796875 0.8203125 0.03125 0.0615234375
0 0.068359375 0.70654296875 0.0185546875 0.0478515625
1 0.2490234375 0.81005859375 0.0078125 0.013671875
1 0.1513671875 0.52978515625 0.0107421875 0.0107421875
1 0.1513671875 0.12353515625 0.0078125 0.013671875
0 0.0888671875 0.43115234375 0.009765625 0.0263671875