0 0.4609375 0.5458984375 0.0341796875 0.02734375
0 0.61962890625 0.8759765625 0.0302734375 0.029296875
0 0.69677734375 0.8740234375 0.0234375 0.0224609375
0 0.72998046875 0.88232421875 0.0244140625 0.0224609375
0 0.7294921875 0.9111328125 0.0244140625 0.0263671875
0 0.7705078125 0.9228515625 0.0205078125 0.0234375
0 0.7744140625 0.89794921875 0.0283203125 0.0224609375
0 0.76611328125 0.8623046875 0.04296875 0.037109375
0 0.8076171875 0.935546875 0.03125 0.029296875
0 0.80859375 0.900390625 0.0244140625 0.0263671875
0 0.81884765625 0.875 0.029296875 0.0244140625
0 0.99169921875 0.9482421875 0.0166015625 0.03125
0 0.9541015625 0.83642578125 0.029296875 0.060546875
0 0.92431640625 0.7216796875 0.0166015625 0.0478515625
1 0.73974609375 0.81884765625 0.0068359375 0.013671875
1 0.84765625 0.5419921875 0.009765625 0.0107421875
1 0.861328125 0.1357421875 0.0068359375 0.013671875
0 0.9130859375 0.4453125 0.0087890625 0.0263671875