0 0.5400390625 0.54541015625 0.0341796875 0.02685546875
0 0.38671875 0.8779296875 0.029296875 0.0283203125
0 0.3095703125 0.87744140625 0.02294921875 0.0224609375
0 0.27685546875 0.88623046875 0.0244140625 0.0224609375
0 0.27783203125 0.9150390625 0.0244140625 0.02587890625
0 0.23681640625 0.927734375 0.0205078125 0.02294921875
0 0.232421875 0.90283203125 0.02783203125 0.0224609375
0 0.240234375 0.86669921875 0.04248046875 0.0361328125
0 0.2001953125 0.94091796875 0.0302734375 0.0283203125
0 0.1982421875 0.90576171875 0.0244140625 0.0263671875
0 0.1875 0.88037109375 0.02880859375 0.0234375
0 0.01171875 0.95703125 0.0234375 0.03125
0 0.0517578125 0.84423828125 0.02783203125 0.060546875
0 0.07958984375 0.72900390625 0.015625 0.04736328125
1 0.265625 0.82275390625 0.0068359375 0.01318359375
1 0.1533203125 0.5478515625 0.009765625 0.01025390625
1 0.13232421875 0.14208984375 0.0068359375 0.01318359375
0 0.0859375 0.45263671875 0.0087890625 0.02587890625