1 0.4267578125 0.61376953125 0.00927734375 0.013671875
1 0.42626953125 0.64794921875 0.0078125 0.0126953125
0 0.13720703125 0.767578125 0.033203125 0.0654296875
0 0.169921875 0.71435546875 0.0380859375 0.0615234375
0 0.2177734375 0.640625 0.03564453125 0.06787109375
0 0.2314453125 0.60986328125 0.0361328125 0.060546875
0 0.2763671875 0.5634765625 0.0302734375 0.0751953125
0 0.35205078125 0.54296875 0.0224609375 0.07177734375
0 0.3974609375 0.57666015625 0.0341796875 0.06689453125
0 0.28271484375 0.76171875 0.0400390625 0.06884765625
0 0.25244140625 0.81982421875 0.037109375 0.0654296875
0 0.228515625 0.974609375 0.02978515625 0.05078125
0 0.27783203125 0.90771484375 0.0400390625 0.07275390625
0 0.30517578125 0.8515625 0.03759765625 0.07080078125
0 0.32763671875 0.82958984375 0.04150390625 0.06982421875
0 0.71240234375 0.86474609375 0.03466796875 0.064453125
0 0.6826171875 0.93017578125 0.037109375 0.07373046875
0 0.654296875 0.98193359375 0.0322265625 0.03564453125