1 0.56103515625 0.37939453125 0.0107421875 0.0146484375
1 0.55810546875 0.34521484375 0.0087890625 0.013671875
0 0.8330078125 0.19580078125 0.0400390625 0.068359375
0 0.8056640625 0.25244140625 0.0439453125 0.0654296875
0 0.76611328125 0.33056640625 0.04296875 0.0712890625
0 0.75537109375 0.36279296875 0.0419921875 0.064453125
0 0.7158203125 0.41357421875 0.0380859375 0.078125
0 0.642578125 0.44189453125 0.0302734375 0.07421875
0 0.59375 0.4130859375 0.041015625 0.0703125
0 0.68896484375 0.216796875 0.046875 0.072265625
0 0.712890625 0.15625 0.0439453125 0.0693359375
0 0.7197265625 0.01318359375 0.03515625 0.0263671875
0 0.67822265625 0.0712890625 0.0478515625 0.076171875
0 0.6572265625 0.1298828125 0.044921875 0.07421875
0 0.63720703125 0.154296875 0.048828125 0.07421875
0 0.25048828125 0.15966796875 0.041015625 0.0673828125
0 0.2734375 0.09130859375 0.044921875 0.0771484375
0 0.29638671875 0.03662109375 0.0361328125 0.0390625