1 0.40625 0.59765625 0.01171875 0.015625
1 0.3994140625 0.63134765625 0.009765625 0.013671875
0 0.0927734375 0.693359375 0.044921875 0.0703125
0 0.13525390625 0.6474609375 0.048828125 0.0673828125
0 0.1962890625 0.583984375 0.0478515625 0.0732421875
0 0.21533203125 0.556640625 0.046875 0.06640625
0 0.2685546875 0.51953125 0.0439453125 0.080078125
0 0.3466796875 0.51416015625 0.0361328125 0.0751953125
0 0.384765625 0.5556640625 0.0458984375 0.072265625
0 0.23681640625 0.71533203125 0.052734375 0.0751953125
0 0.19580078125 0.7666015625 0.048828125 0.0712890625
0 0.14306640625 0.9140625 0.0390625 0.0556640625
0 0.2041015625 0.85791015625 0.052734375 0.0791015625
0 0.24169921875 0.80810546875 0.05078125 0.0771484375
0 0.26806640625 0.79052734375 0.0537109375 0.076171875
0 0.638671875 0.8984375 0.0458984375 0.0703125
0 0.59716796875 0.95703125 0.05078125 0.0791015625
0 0.55908203125 0.99072265625 0.0380859375 0.0185546875