1 0.4130859375 0.39306640625 0.0087890625 0.015625
1 0.41455078125 0.3642578125 0.0087890625 0.01171875
0 0.1923828125 0.05224609375 0.0400390625 0.056640625
0 0.24658203125 0.11962890625 0.044921875 0.0771484375
0 0.279296875 0.16845703125 0.041015625 0.068359375
0 0.302734375 0.1923828125 0.0498046875 0.0751953125
0 0.26416015625 0.26220703125 0.0458984375 0.0732421875
0 0.22900390625 0.20703125 0.041015625 0.06640625
0 0.11962890625 0.2685546875 0.0390625 0.06640625
0 0.1552734375 0.3193359375 0.0439453125 0.0673828125
0 0.20947265625 0.38916015625 0.0400390625 0.068359375
0 0.22705078125 0.41796875 0.041015625 0.0673828125
0 0.27294921875 0.46142578125 0.0380859375 0.078125
0 0.3515625 0.47265625 0.02734375 0.068359375
0 0.39404296875 0.43701171875 0.037109375 0.0693359375
0 0.681640625 0.12255859375 0.0400390625 0.06640625
0 0.646484375 0.0595703125 0.0390625 0.0703125
0 0.6123046875 0.01513671875 0.0390625 0.0302734375