1 0.4228515625 0.6142578125 0.00732421875 0.0146484375
1 0.4267578125 0.642578125 0.00830078125 0.01123046875
0 0.232421875 0.97265625 0.03564453125 0.05419921875
0 0.28076171875 0.90087890625 0.0390625 0.07421875
0 0.30908203125 0.849609375 0.03564453125 0.0654296875
0 0.330078125 0.82373046875 0.04345703125 0.07177734375
0 0.28564453125 0.75732421875 0.0400390625 0.06982421875
0 0.25537109375 0.8154296875 0.03564453125 0.0634765625
0 0.14111328125 0.763671875 0.03369140625 0.0634765625
0 0.17236328125 0.7099609375 0.0380859375 0.064453125
0 0.22021484375 0.6357421875 0.0341796875 0.0654296875
0 0.2353515625 0.60546875 0.03564453125 0.064453125
0 0.27734375 0.55810546875 0.03125 0.076171875
0 0.3544921875 0.5400390625 0.02197265625 0.06689453125
0 0.39990234375 0.57177734375 0.03173828125 0.06640625
0 0.7138671875 0.8603515625 0.0341796875 0.0634765625
0 0.68408203125 0.92578125 0.03369140625 0.06787109375
0 0.6552734375 0.9794921875 0.03515625 0.041015625