1 0.595703125 0.40087890625 0.009765625 0.015625
1 0.5966796875 0.3720703125 0.009765625 0.0126953125
0 0.845703125 0.0810546875 0.044921875 0.0595703125
0 0.78564453125 0.14306640625 0.0517578125 0.080078125
0 0.74853515625 0.18896484375 0.046875 0.0703125
0 0.7236328125 0.2109375 0.0556640625 0.078125
0 0.755859375 0.28369140625 0.0517578125 0.076171875
0 0.7958984375 0.23193359375 0.0458984375 0.068359375
0 0.8994140625 0.302734375 0.0439453125 0.068359375
0 0.85888671875 0.35009765625 0.048828125 0.0703125
0 0.79931640625 0.4150390625 0.044921875 0.0703125
0 0.77880859375 0.44189453125 0.0458984375 0.0693359375
0 0.7294921875 0.4814453125 0.0439453125 0.080078125
0 0.650390625 0.48583984375 0.033203125 0.0693359375
0 0.61083984375 0.44677734375 0.04296875 0.0712890625
0 0.35205078125 0.10791015625 0.044921875 0.068359375
0 0.392578125 0.048828125 0.044921875 0.072265625
0 0.43017578125 0.01220703125 0.0419921875 0.0244140625