1 0.572265625 0.9970703125 0.009765625 0.005859375
1 0.572265625 0.630859375 0.009765625 0.015625
1 0.5595703125 0.64599609375 0.0078125 0.0107421875
0 0.83740234375 0.7861328125 0.0390625 0.0673828125
0 0.81005859375 0.72900390625 0.04296875 0.06640625
0 0.76611328125 0.65380859375 0.0400390625 0.06640625
0 0.75439453125 0.62255859375 0.0380859375 0.06640625
0 0.71533203125 0.572265625 0.03515625 0.0771484375
0 0.6416015625 0.54833984375 0.02734375 0.072265625
0 0.693359375 0.76806640625 0.04296875 0.0703125
0 0.72021484375 0.8310546875 0.0400390625 0.060546875
0 0.59375 0.57666015625 0.0380859375 0.0693359375
0 0.732421875 0.98046875 0.03515625 0.0390625
0 0.6884765625 0.912109375 0.04296875 0.0751953125
0 0.6650390625 0.8583984375 0.041015625 0.068359375
0 0.64453125 0.83203125 0.048828125 0.0810546875
0 0.3115234375 0.9638671875 0.0390625 0.0498046875
0 0.28515625 0.90771484375 0.0400390625 0.0703125
0 0.26025390625 0.84326171875 0.037109375 0.060546875