1 0.39306640625 0.994140625 0.0087890625 0.01171875
1 0.4189453125 0.62548828125 0.0087890625 0.0146484375
1 0.43017578125 0.6416015625 0.00732421875 0.01025390625
0 0.1435546875 0.76171875 0.03466796875 0.0654296875
0 0.1748046875 0.70703125 0.0390625 0.0634765625
0 0.2236328125 0.634765625 0.03564453125 0.064453125
0 0.23779296875 0.6044921875 0.03369140625 0.064453125
0 0.2802734375 0.55712890625 0.02978515625 0.0751953125
0 0.35546875 0.53857421875 0.02197265625 0.07080078125
0 0.28857421875 0.75390625 0.03857421875 0.06787109375
0 0.25732421875 0.81494140625 0.03564453125 0.05859375
0 0.4013671875 0.56982421875 0.03369140625 0.06689453125
0 0.2333984375 0.97216796875 0.03125 0.0556640625
0 0.283203125 0.89794921875 0.0380859375 0.07275390625
0 0.310546875 0.84619140625 0.03662109375 0.06640625
0 0.33251953125 0.8212890625 0.04345703125 0.078125
0 0.65576171875 0.97607421875 0.03564453125 0.0478515625
0 0.68603515625 0.921875 0.03564453125 0.06787109375
0 0.71533203125 0.859375 0.03271484375 0.05859375