1 0.5458984375 0.64208984375 0.0126953125 0.0166015625
1 0.53076171875 0.65478515625 0.009765625 0.01171875
0 0.7763671875 0.84521484375 0.05078125 0.072265625
0 0.7607421875 0.7841796875 0.0537109375 0.0712890625
0 0.73193359375 0.70166015625 0.05078125 0.0712890625
0 0.72607421875 0.6689453125 0.048828125 0.0712890625
0 0.697265625 0.61181640625 0.0478515625 0.080078125
0 0.62939453125 0.57470703125 0.0390625 0.07421875
0 0.638671875 0.7998046875 0.0546875 0.0751953125
0 0.65283203125 0.8671875 0.0498046875 0.0654296875
0 0.5771484375 0.5927734375 0.0498046875 0.0732421875
0 0.6064453125 0.9404296875 0.0556640625 0.080078125
0 0.59326171875 0.88330078125 0.052734375 0.0732421875
0 0.57861328125 0.853515625 0.0625 0.0869140625
0 0.2265625 0.91943359375 0.046875 0.0556640625
0 0.2109375 0.859375 0.0517578125 0.0751953125
0 0.19921875 0.79150390625 0.046875 0.0654296875