1 0.62060546875 0.3427734375 0.01171875 0.0166015625
1 0.59716796875 0.35205078125 0.0087890625 0.013671875
0 0.90966796875 0.27734375 0.048828125 0.0712890625
0 0.86767578125 0.32421875 0.0478515625 0.0693359375
0 0.8056640625 0.38232421875 0.048828125 0.072265625
0 0.78564453125 0.41064453125 0.0458984375 0.068359375
0 0.732421875 0.44873046875 0.0458984375 0.0791015625
0 0.65478515625 0.4521484375 0.0361328125 0.068359375
0 0.61669921875 0.41015625 0.0439453125 0.0703125
0 0.7666015625 0.2529296875 0.052734375 0.0751953125
0 0.80908203125 0.20166015625 0.046875 0.068359375
0 0.8017578125 0.111328125 0.0517578125 0.078125
0 0.7626953125 0.158203125 0.048828125 0.072265625
0 0.7373046875 0.17724609375 0.0556640625 0.0791015625
0 0.43359375 0.12451171875 0.0458984375 0.0703125
0 0.41259765625 0.0234375 0.0517578125 0.046875
0 0.369140625 0.06494140625 0.046875 0.0693359375