1 0.58544921875 0.6787109375 0.0087890625 0.0146484375
1 0.564453125 0.6650390625 0.005859375 0.0126953125
0 0.8544921875 0.80322265625 0.0361328125 0.0654296875
0 0.8232421875 0.74853515625 0.03515625 0.0634765625
0 0.7744140625 0.6787109375 0.03515625 0.06640625
0 0.7607421875 0.64697265625 0.033203125 0.0625
0 0.716796875 0.5986328125 0.03125 0.07421875
0 0.6416015625 0.5791015625 0.0234375 0.0654296875
0 0.59521484375 0.6123046875 0.03125 0.0654296875
0 0.70947265625 0.79736328125 0.0390625 0.068359375
0 0.740234375 0.85595703125 0.03515625 0.0625
0 0.71435546875 0.94287109375 0.037109375 0.072265625
0 0.68603515625 0.88916015625 0.03515625 0.06640625
0 0.6650390625 0.865234375 0.041015625 0.072265625
0 0.35693359375 0.853515625 0.033203125 0.064453125
0 0.3125 0.96337890625 0.037109375 0.0732421875
0 0.28173828125 0.8984375 0.03515625 0.0634765625