1 0.41455078125 0.6787109375 0.0087890625 0.0146484375
1 0.435546875 0.6650390625 0.005859375 0.0126953125
0 0.1455078125 0.80322265625 0.0361328125 0.0654296875
0 0.1767578125 0.74853515625 0.03564453125 0.0634765625
0 0.2255859375 0.6787109375 0.03564453125 0.06640625
0 0.2392578125 0.64697265625 0.03369140625 0.0625
0 0.283203125 0.5986328125 0.03076171875 0.07421875
0 0.3583984375 0.5791015625 0.02294921875 0.0654296875
0 0.40478515625 0.6123046875 0.03125 0.0654296875
0 0.29052734375 0.79736328125 0.03955078125 0.06884765625
0 0.259765625 0.85595703125 0.03466796875 0.0625
0 0.28564453125 0.94287109375 0.03759765625 0.07177734375
0 0.31396484375 0.88916015625 0.03564453125 0.06640625
0 0.3349609375 0.865234375 0.04150390625 0.07177734375
0 0.64306640625 0.853515625 0.03369140625 0.064453125
0 0.6875 0.96337890625 0.037109375 0.0732421875
0 0.71826171875 0.8984375 0.03466796875 0.0634765625