1 0.38623046875 0.712890625 0.009765625 0.0126953125
1 0.4140625 0.703125 0.009765625 0.0146484375
0 0.22314453125 0.951171875 0.03515625 0.0400390625
0 0.259765625 0.91552734375 0.0458984375 0.0712890625
0 0.28564453125 0.890625 0.048828125 0.0771484375
0 0.24951171875 0.8193359375 0.0478515625 0.0703125
0 0.21240234375 0.876953125 0.04296875 0.0634765625
0 0.103515625 0.80810546875 0.0390625 0.06640625
0 0.1435546875 0.75732421875 0.0439453125 0.0654296875
0 0.19970703125 0.693359375 0.0419921875 0.0703125
0 0.21826171875 0.66357421875 0.0439453125 0.0654296875
0 0.2666015625 0.62353515625 0.037109375 0.0751953125
0 0.3447265625 0.60986328125 0.0302734375 0.0712890625
0 0.3857421875 0.6474609375 0.0419921875 0.0673828125
0 0.65771484375 0.81005859375 0.0400390625 0.0712890625
0 0.662109375 0.96923828125 0.04296875 0.0615234375