1 0.55859375 0.26611328125 0.009765625 0.0126953125
1 0.5341796875 0.2822265625 0.009765625 0.0146484375
0 0.6591796875 0.0078125 0.03515625 0.015625
0 0.6328125 0.03857421875 0.0458984375 0.0712890625
0 0.61328125 0.06884765625 0.048828125 0.0771484375
0 0.66552734375 0.12939453125 0.0478515625 0.0703125
0 0.68798828125 0.064453125 0.04296875 0.0634765625
0 0.81005859375 0.10546875 0.0390625 0.06640625
0 0.783203125 0.1640625 0.0439453125 0.0654296875
0 0.74462890625 0.23974609375 0.0419921875 0.0703125
0 0.73388671875 0.27294921875 0.0439453125 0.0654296875
0 0.69677734375 0.32373046875 0.037109375 0.0751953125
0 0.6240234375 0.35595703125 0.0302734375 0.0712890625
0 0.5751953125 0.32958984375 0.0419921875 0.0673828125
0 0.27197265625 0.2373046875 0.0400390625 0.0712890625
0 0.2275390625 0.07958984375 0.04296875 0.0703125