1 0.4130859375 0.72509765625 0.0087890625 0.01123046875
1 0.439453125 0.7119140625 0.0078125 0.013671875
0 0.2802734375 0.9814453125 0.03125 0.03662109375
0 0.31201171875 0.94189453125 0.03759765625 0.06689453125
0 0.3349609375 0.9140625 0.04052734375 0.07275390625
0 0.29052734375 0.84765625 0.0400390625 0.06640625
0 0.26025390625 0.9091796875 0.03564453125 0.0595703125
0 0.14404296875 0.85400390625 0.03125 0.0634765625
0 0.177734375 0.798828125 0.03662109375 0.0615234375
0 0.2255859375 0.728515625 0.0341796875 0.06689453125
0 0.240234375 0.69677734375 0.03662109375 0.0615234375
0 0.283203125 0.65087890625 0.0283203125 0.07275390625
0 0.359375 0.6279296875 0.02197265625 0.06884765625
0 0.40478515625 0.66015625 0.03466796875 0.0634765625
0 0.6943359375 0.78857421875 0.03173828125 0.06787109375
0 0.71923828125 0.95068359375 0.03466796875 0.06640625