1 0.4169921875 0.15625 0.0078125 0.017578125
1 0.43896484375 0.1669921875 0.0087890625 0.0166015625
0 0.14697265625 0.0224609375 0.0341796875 0.044921875
0 0.1796875 0.068359375 0.0400390625 0.06640625
0 0.2294921875 0.1435546875 0.0341796875 0.0673828125
0 0.2431640625 0.17529296875 0.03515625 0.06640625
0 0.287109375 0.22412109375 0.0341796875 0.0791015625
0 0.36279296875 0.2470703125 0.0234375 0.0693359375
0 0.4091796875 0.2158203125 0.0341796875 0.0693359375
0 0.29541015625 0.0283203125 0.0400390625 0.056640625
0 0.7900390625 0.2880859375 0.037109375 0.060546875