1 0.4111328125 0.84228515625 0.0078125 0.017578125
1 0.43310546875 0.83203125 0.00830078125 0.0166015625
0 0.13916015625 0.974609375 0.03369140625 0.05078125
0 0.17236328125 0.92578125 0.0390625 0.0654296875
0 0.22314453125 0.8515625 0.03271484375 0.06640625
0 0.2373046875 0.8203125 0.0341796875 0.0654296875
0 0.2822265625 0.77197265625 0.03271484375 0.078125
0 0.3583984375 0.75048828125 0.0224609375 0.06884765625
0 0.404296875 0.78271484375 0.033203125 0.06884765625
0 0.28759765625 0.97021484375 0.0390625 0.0595703125
0 0.7861328125 0.716796875 0.03564453125 0.0595703125