1 0.5947265625 0.8408203125 0.0078125 0.017578125
1 0.57275390625 0.8310546875 0.0087890625 0.0166015625
0 0.869140625 0.96826171875 0.0341796875 0.0517578125
0 0.8349609375 0.919921875 0.0400390625 0.06640625
0 0.78271484375 0.8466796875 0.0341796875 0.0673828125
0 0.76806640625 0.81591796875 0.03515625 0.06640625
0 0.72265625 0.76806640625 0.0341796875 0.0791015625
0 0.64599609375 0.748046875 0.0234375 0.0693359375
0 0.6005859375 0.78076171875 0.0341796875 0.0693359375
0 0.720703125 0.96630859375 0.0400390625 0.060546875
0 0.2177734375 0.7216796875 0.037109375 0.060546875