0 0.93505859375 0.19580078125 0.0546875 0.07421875
0 0.833984375 0.2490234375 0.048828125 0.0625
0 0.740234375 0.12646484375 0.044921875 0.0439453125
0 0.69677734375 0.14697265625 0.044921875 0.072265625
0 0.65185546875 0.18408203125 0.0283203125 0.0947265625
0 0.7041015625 0.31396484375 0.0537109375 0.0576171875
0 0.46240234375 0.08251953125 0.029296875 0.0927734375
0 0.3740234375 0.1650390625 0.0517578125 0.044921875
0 0.64453125 0.392578125 0.0517578125 0.0595703125
0 0.58544921875 0.3583984375 0.04296875 0.0556640625
0 0.58251953125 0.42333984375 0.0546875 0.0634765625
0 0.46533203125 0.390625 0.048828125 0.0458984375
0 0.52294921875 0.609375 0.0263671875 0.0849609375
0 0.8330078125 0.82421875 0.0390625 0.0712890625
0 0.4853515625 0.9287109375 0.0361328125 0.0810546875
0 0.3798828125 0.54345703125 0.04296875 0.07421875
0 0.3203125 0.458984375 0.0439453125 0.07421875
0 0.26953125 0.392578125 0.046875 0.0732421875
0 0.21044921875 0.32470703125 0.048828125 0.078125
0 0.1005859375 0.220703125 0.1025390625 0.1318359375
0 0.15576171875 0.19482421875 0.0498046875 0.0791015625
0 0.01611328125 0.130859375 0.0322265625 0.07421875
1 0.689453125 0.48779296875 0.0146484375 0.029296875
1 0.3662109375 0.6728515625 0.01171875 0.021484375