0 0.181640625 0.841796875 0.037109375 0.08056640625
0 0.0107421875 0.1962890625 0.021484375 0.05712890625
0 0.08984375 0.22998046875 0.0478515625 0.06201171875
0 0.17822265625 0.29248046875 0.048828125 0.05908203125
0 0.24365234375 0.1337890625 0.04296875 0.04248046875
0 0.2890625 0.1533203125 0.04345703125 0.05908203125
0 0.33349609375 0.18505859375 0.021484375 0.0869140625
0 0.27392578125 0.35302734375 0.05078125 0.0595703125
0 0.35986328125 0.34375 0.04443359375 0.05078125
0 0.5166015625 0.07470703125 0.02587890625 0.09423828125
0 0.61181640625 0.1494140625 0.046875 0.044921875
0 0.443359375 0.3720703125 0.05029296875 0.052734375
0 0.412109375 0.42138671875 0.04736328125 0.0595703125
0 0.52099609375 0.46484375 0.04296875 0.07421875
0 0.6806640625 0.4296875 0.04736328125 0.07080078125
0 0.7275390625 0.36767578125 0.04443359375 0.06787109375
0 0.7294921875 0.28125 0.0380859375 0.060546875
0 0.828125 0.26416015625 0.09521484375 0.1396484375
0 0.6171875 0.53369140625 0.03955078125 0.06884765625
0 0.46728515625 0.63037109375 0.025390625 0.08740234375
0 0.54150390625 0.77099609375 0.0361328125 0.0966796875
0 0.91650390625 0.1533203125 0.0439453125 0.064453125
0 0.98291015625 0.08447265625 0.0341796875 0.060546875
1 0.3828125 0.58251953125 0.0107421875 0.0146484375
1 0.59033203125 0.806640625 0.0087890625 0.02001953125