0 0.32421875 0.92578125 0.0498046875 0.0478515625
0 0.36474609375 0.8955078125 0.056640625 0.0771484375
0 0.40087890625 0.85302734375 0.0361328125 0.09375
0 0.599609375 0.90966796875 0.0390625 0.0986328125
0 0.1572265625 0.86328125 0.056640625 0.07421875
0 0.2724609375 0.77587890625 0.0546875 0.0693359375
0 0.43505859375 0.6572265625 0.0576171875 0.060546875
0 0.40673828125 0.6220703125 0.0498046875 0.060546875
0 0.466796875 0.4716796875 0.09375 0.2451171875
0 0.12353515625 0.24951171875 0.0517578125 0.0810546875
0 0.49609375 0.22216796875 0.04296875 0.103515625
0 0.45263671875 0.099609375 0.04296875 0.0810546875
0 0.56689453125 0.31298828125 0.0458984375 0.07421875
0 0.5439453125 0.4033203125 0.0458984375 0.095703125
0 0.54296875 0.50048828125 0.056640625 0.080078125
0 0.61669921875 0.455078125 0.0546875 0.072265625
0 0.70703125 0.5078125 0.052734375 0.0771484375
0 0.79345703125 0.6103515625 0.0556640625 0.0703125
0 0.86279296875 0.6650390625 0.05078125 0.0576171875
0 0.93505859375 0.71533203125 0.0576171875 0.0703125
0 0.9921875 0.76220703125 0.015625 0.0693359375
0 0.6767578125 0.8173828125 0.05078125 0.0498046875
0 0.07666015625 0.94384765625 0.0185546875 0.0439453125
1 0.392578125 0.4638671875 0.029296875 0.04296875
1 0.59228515625 0.3017578125 0.0126953125 0.01953125
1 0.73583984375 0.4990234375 0.0087890625 0.0146484375
1 0.83349609375 0.57763671875 0.01171875 0.017578125
1 0.1376953125 0.734375 0.017578125 0.0205078125