0 0.27392578125 0.90869140625 0.0556640625 0.0869140625
0 0.03662109375 0.33740234375 0.0615234375 0.0712890625
0 0.1376953125 0.37646484375 0.0615234375 0.0693359375
0 0.16259765625 0.20654296875 0.0517578125 0.0517578125
0 0.21142578125 0.21484375 0.056640625 0.0673828125
0 0.26220703125 0.23486328125 0.0419921875 0.08984375
0 0.2451171875 0.412109375 0.0634765625 0.0703125
0 0.326171875 0.38232421875 0.0556640625 0.0595703125
0 0.4130859375 0.08349609375 0.0478515625 0.09765625
0 0.5234375 0.1328125 0.056640625 0.0546875
0 0.4140625 0.3896484375 0.0615234375 0.0634765625
0 0.3955078125 0.44482421875 0.060546875 0.0693359375
0 0.51171875 0.4609375 0.0595703125 0.08203125
0 0.658203125 0.38818359375 0.0634765625 0.080078125
0 0.68896484375 0.31640625 0.0595703125 0.076171875
0 0.669921875 0.232421875 0.0517578125 0.068359375
0 0.76123046875 0.19189453125 0.1259765625 0.158203125
0 0.6220703125 0.50439453125 0.0546875 0.076171875
0 0.5 0.63427734375 0.0458984375 0.0908203125
0 0.60595703125 0.7529296875 0.05859375 0.1025390625
0 0.8203125 0.06298828125 0.05859375 0.0732421875
0 0.86767578125 0.0068359375 0.0478515625 0.013671875
1 0.40625 0.6083984375 0.013671875 0.0166015625
1 0.66162109375 0.77587890625 0.013671875 0.021484375