0 0.142578125 0.19970703125 0.046875 0.0849609375
0 0.05126953125 0.86083984375 0.0283203125 0.0595703125
0 0.1259765625 0.81787109375 0.0546875 0.0673828125
0 0.2060546875 0.7451171875 0.0556640625 0.064453125
0 0.2900390625 0.89453125 0.0478515625 0.0478515625
0 0.3330078125 0.86962890625 0.05078125 0.0634765625
0 0.373046875 0.8330078125 0.0322265625 0.0888671875
0 0.29345703125 0.67333984375 0.0576171875 0.0654296875
0 0.3798828125 0.67236328125 0.0498046875 0.0556640625
0 0.568359375 0.919921875 0.037109375 0.0966796875
0 0.65380859375 0.83447265625 0.0517578125 0.05078125
0 0.45947265625 0.6337890625 0.056640625 0.05859375
0 0.42236328125 0.5888671875 0.0546875 0.064453125
0 0.52490234375 0.5322265625 0.0517578125 0.0791015625
0 0.68798828125 0.5478515625 0.0556640625 0.076171875
0 0.7421875 0.603515625 0.052734375 0.0732421875
0 0.75439453125 0.68896484375 0.044921875 0.064453125
0 0.8544921875 0.6943359375 0.111328125 0.150390625
0 0.6123046875 0.4521484375 0.0478515625 0.0732421875
0 0.45166015625 0.37451171875 0.0361328125 0.08984375
0 0.50830078125 0.22607421875 0.0478515625 0.1005859375
0 0.95556640625 0.79345703125 0.0517578125 0.0693359375
1 0.37353515625 0.4326171875 0.0126953125 0.015625
1 0.55224609375 0.1845703125 0.0107421875 0.0205078125