0 0.0546875 0.2109375 0.05224609375 0.072265625
0 0.1572265625 0.2607421875 0.046875 0.060546875
0 0.2470703125 0.13525390625 0.04345703125 0.04248046875
0 0.291015625 0.154296875 0.0419921875 0.0712890625
0 0.33740234375 0.189453125 0.02490234375 0.09423828125
0 0.28955078125 0.3212890625 0.0517578125 0.05615234375
0 0.52294921875 0.08154296875 0.0263671875 0.091796875
0 0.6142578125 0.16064453125 0.05029296875 0.04296875
0 0.3515625 0.3974609375 0.04931640625 0.0576171875
0 0.40966796875 0.361328125 0.041015625 0.0546875
0 0.4150390625 0.42626953125 0.052734375 0.06201171875
0 0.53076171875 0.3896484375 0.04736328125 0.04443359375
0 0.48095703125 0.60986328125 0.02392578125 0.083984375
0 0.1787109375 0.83544921875 0.037109375 0.0703125
0 0.52978515625 0.927734375 0.03369140625 0.080078125
0 0.62158203125 0.5390625 0.0400390625 0.07275390625
0 0.67822265625 0.45263671875 0.041015625 0.07275390625
0 0.7265625 0.384765625 0.04443359375 0.0712890625
0 0.783203125 0.31494140625 0.0458984375 0.076171875
0 0.8896484375 0.20703125 0.09814453125 0.12841796875
0 0.83349609375 0.18310546875 0.04736328125 0.0771484375
0 0.9775390625 0.11376953125 0.04443359375 0.072265625
1 0.31005859375 0.49462890625 0.01318359375 0.029296875
1 0.6396484375 0.66796875 0.01123046875 0.021484375