0 0.04345703125 0.19921875 0.03857421875 0.05419921875
0 0.1142578125 0.25341796875 0.0458984375 0.05908203125
0 0.21240234375 0.31298828125 0.048828125 0.06884765625
0 0.24755859375 0.13525390625 0.0380859375 0.04296875
0 0.29052734375 0.15625 0.04833984375 0.06884765625
0 0.33349609375 0.1826171875 0.025390625 0.0908203125
0 0.3251953125 0.33154296875 0.05224609375 0.06201171875
0 0.4287109375 0.36767578125 0.05322265625 0.0595703125
0 0.51904296875 0.0791015625 0.025390625 0.09423828125
0 0.40185546875 0.412109375 0.0537109375 0.05615234375
0 0.61376953125 0.15283203125 0.0458984375 0.04443359375
0 0.91162109375 0.0849609375 0.03271484375 0.0478515625
0 0.935546875 0.13818359375 0.04248046875 0.072265625
0 0.99169921875 0.0791015625 0.0166015625 0.0361328125
0 0.85009765625 0.23876953125 0.09423828125 0.134765625
0 0.734375 0.35986328125 0.0439453125 0.0654296875
0 0.68408203125 0.4296875 0.048828125 0.0791015625
0 0.6474609375 0.490234375 0.0419921875 0.07373046875
0 0.59912109375 0.37548828125 0.0400390625 0.04638671875
0 0.55908203125 0.6005859375 0.03125 0.09521484375
0 0.49658203125 0.55126953125 0.03271484375 0.0869140625
0 0.4677734375 0.765625 0.025390625 0.0869140625
0 0.52685546875 0.939453125 0.03271484375 0.080078125
0 0.181640625 0.84228515625 0.03857421875 0.0791015625
1 0.60400390625 0.76953125 0.0107421875 0.017578125
1 0.36474609375 0.55224609375 0.0107421875 0.02001953125