0 0.0634765625 0.29833984375 0.060546875 0.0654296875
0 0.18359375 0.3427734375 0.0625 0.0703125
0 0.1875 0.1806640625 0.0498046875 0.060546875
0 0.23583984375 0.1943359375 0.0546875 0.0751953125
0 0.2861328125 0.2197265625 0.0380859375 0.0869140625
0 0.31640625 0.41845703125 0.060546875 0.0751953125
0 0.357421875 0.37646484375 0.044921875 0.0537109375
0 0.43310546875 0.38671875 0.052734375 0.056640625
0 0.40380859375 0.43408203125 0.0595703125 0.0732421875
0 0.44921875 0.0849609375 0.0458984375 0.095703125
0 0.5537109375 0.142578125 0.0537109375 0.0576171875
0 0.6318359375 0.3193359375 0.0595703125 0.0751953125
0 0.76171875 0.24755859375 0.0576171875 0.07421875
0 0.7177734375 0.32275390625 0.05859375 0.076171875
0 0.67041015625 0.404296875 0.0517578125 0.0712890625
0 0.63818359375 0.482421875 0.0546875 0.0810546875
0 0.51708984375 0.7578125 0.037109375 0.0859375
0 0.599609375 0.8837890625 0.044921875 0.091796875
0 0.2431640625 0.890625 0.0546875 0.0810546875
0 0.84033203125 0.03125 0.0576171875 0.0625
0 0.8486328125 0.1181640625 0.1259765625 0.1474609375
0 0.91162109375 0.0263671875 0.0322265625 0.052734375
1 0.6728515625 0.603515625 0.015625 0.0244140625
1 0.29150390625 0.515625 0.0146484375 0.0244140625