0 0.01611328125 0.2568359375 0.0322265625 0.05859375
0 0.0869140625 0.30224609375 0.052734375 0.064453125
0 0.19189453125 0.349609375 0.056640625 0.07421875
0 0.205078125 0.1689453125 0.04296875 0.046875
0 0.25 0.1845703125 0.056640625 0.07421875
0 0.2958984375 0.205078125 0.0361328125 0.0927734375
0 0.30615234375 0.35400390625 0.0595703125 0.068359375
0 0.4130859375 0.37744140625 0.060546875 0.0654296875
0 0.4677734375 0.080078125 0.037109375 0.0966796875
0 0.39208984375 0.4248046875 0.060546875 0.0625
0 0.57080078125 0.1416015625 0.05078125 0.0498046875
0 0.85791015625 0.0380859375 0.0380859375 0.0517578125
0 0.88818359375 0.087890625 0.05078125 0.0771484375
0 0.9365234375 0.0224609375 0.0205078125 0.0380859375
0 0.8154296875 0.1982421875 0.1103515625 0.1455078125
0 0.71533203125 0.33251953125 0.0517578125 0.0703125
0 0.67431640625 0.40771484375 0.0576171875 0.083984375
0 0.64501953125 0.47216796875 0.05078125 0.078125
0 0.5830078125 0.3642578125 0.044921875 0.05078125
0 0.57080078125 0.5927734375 0.04296875 0.0986328125
0 0.5029296875 0.55126953125 0.04296875 0.08984375
0 0.50048828125 0.767578125 0.0361328125 0.08984375
0 0.580078125 0.93310546875 0.0419921875 0.0830078125
0 0.2255859375 0.87841796875 0.0478515625 0.0830078125
1 0.63623046875 0.7548828125 0.0126953125 0.0185546875
1 0.3720703125 0.568359375 0.0126953125 0.021484375