0 0.91748046875 0.26123046875 0.056640625 0.0615234375
0 0.80126953125 0.3154296875 0.0576171875 0.06640625
0 0.78369140625 0.15478515625 0.0458984375 0.056640625
0 0.736328125 0.1728515625 0.048828125 0.072265625
0 0.68896484375 0.2021484375 0.03125 0.0849609375
0 0.67578125 0.40283203125 0.0556640625 0.0712890625
0 0.63134765625 0.3642578125 0.041015625 0.05078125
0 0.55712890625 0.38134765625 0.048828125 0.052734375
0 0.59033203125 0.42626953125 0.0546875 0.0693359375
0 0.5146484375 0.08203125 0.0390625 0.09375
0 0.41552734375 0.1484375 0.0498046875 0.0546875
0 0.35302734375 0.3310546875 0.0546875 0.0712890625
0 0.21728515625 0.271484375 0.052734375 0.0712890625
0 0.267578125 0.34228515625 0.052734375 0.072265625
0 0.32177734375 0.419921875 0.0458984375 0.068359375
0 0.36083984375 0.49462890625 0.048828125 0.078125
0 0.50537109375 0.75830078125 0.0302734375 0.0849609375
0 0.4345703125 0.890625 0.037109375 0.0908203125
0 0.7900390625 0.86669921875 0.048828125 0.078125
0 0.11962890625 0.060546875 0.052734375 0.064453125
0 0.119140625 0.14990234375 0.115234375 0.1396484375
0 0.0478515625 0.05859375 0.02734375 0.0625
1 0.3369140625 0.6181640625 0.0146484375 0.0244140625
1 0.708984375 0.4970703125 0.0126953125 0.0234375