0 0.11181640625 0.86181640625 0.064453125 0.080078125
0 0.2041015625 0.794921875 0.056640625 0.0673828125
0 0.314453125 0.9033203125 0.0498046875 0.0498046875
0 0.35400390625 0.876953125 0.0537109375 0.0771484375
0 0.3935546875 0.833984375 0.041015625 0.0966796875
0 0.32373046875 0.71240234375 0.060546875 0.064453125
0 0.59521484375 0.908203125 0.0419921875 0.0947265625
0 0.67138671875 0.814453125 0.056640625 0.05078125
0 0.37158203125 0.626953125 0.05859375 0.0654296875
0 0.43505859375 0.65234375 0.0498046875 0.060546875
0 0.42919921875 0.58740234375 0.0625 0.0703125
0 0.54931640625 0.603515625 0.0546875 0.0517578125
0 0.46240234375 0.39501953125 0.0380859375 0.0869140625
0 0.12548828125 0.2255859375 0.048828125 0.076171875
0 0.455078125 0.07373046875 0.046875 0.0849609375
0 0.61279296875 0.4404296875 0.0517578125 0.078125
0 0.68359375 0.515625 0.052734375 0.0791015625
0 0.7431640625 0.57421875 0.0556640625 0.078125
0 0.81103515625 0.63330078125 0.05859375 0.0830078125
0 0.9345703125 0.720703125 0.119140625 0.1435546875
0 0.88330078125 0.75439453125 0.0595703125 0.083984375
1 0.31396484375 0.5380859375 0.0185546875 0.03125
1 0.6083984375 0.310546875 0.0146484375 0.0234375