0 0.015625 0.17529296875 0.03125 0.05078125
0 0.10498046875 0.2255859375 0.0517578125 0.05712890625
0 0.2158203125 0.2900390625 0.052734375 0.0625
0 0.24755859375 0.13134765625 0.04150390625 0.0537109375
0 0.29296875 0.1533203125 0.04296875 0.06884765625
0 0.337890625 0.18701171875 0.0244140625 0.08349609375
0 0.33349609375 0.3876953125 0.0498046875 0.0673828125
0 0.380859375 0.353515625 0.037109375 0.0478515625
0 0.45361328125 0.376953125 0.044921875 0.04931640625
0 0.41650390625 0.41845703125 0.04931640625 0.0654296875
0 0.52197265625 0.08251953125 0.03076171875 0.091796875
0 0.61474609375 0.1572265625 0.04541015625 0.05078125
0 0.6611328125 0.3447265625 0.048828125 0.0673828125
0 0.8017578125 0.296875 0.046875 0.0673828125
0 0.7451171875 0.36328125 0.04736328125 0.06884765625
0 0.6845703125 0.435546875 0.04052734375 0.0654296875
0 0.63916015625 0.5068359375 0.0419921875 0.0751953125
0 0.47216796875 0.7568359375 0.02294921875 0.08349609375
0 0.53125 0.89501953125 0.02978515625 0.08837890625
0 0.17919921875 0.83984375 0.0419921875 0.0751953125
0 0.91748046875 0.09521484375 0.0478515625 0.060546875
0 0.90966796875 0.1845703125 0.1044921875 0.13134765625
0 0.98876953125 0.099609375 0.0224609375 0.060546875
1 0.65234375 0.6318359375 0.01220703125 0.02294921875
1 0.2919921875 0.47900390625 0.0107421875 0.02294921875