0 0.14306640625 0.80224609375 0.0478515625 0.0810546875
0 0.052734375 0.115234375 0.0234375 0.046875
0 0.10302734375 0.16943359375 0.05859375 0.06640625
0 0.18017578125 0.2314453125 0.064453125 0.07421875
0 0.3037109375 0.29052734375 0.05859375 0.0673828125
0 0.2958984375 0.10595703125 0.0478515625 0.048828125
0 0.333984375 0.13232421875 0.0517578125 0.0673828125
0 0.3759765625 0.17041015625 0.0400390625 0.08984375
0 0.572265625 0.08544921875 0.037109375 0.1005859375
0 0.65478515625 0.169921875 0.0556640625 0.0595703125
0 0.42236328125 0.35009765625 0.0595703125 0.0595703125
0 0.38671875 0.39208984375 0.05859375 0.052734375
0 0.5078125 0.3876953125 0.046875 0.052734375
0 0.50634765625 0.46630859375 0.0615234375 0.0771484375
0 0.50341796875 0.61083984375 0.05078125 0.0625
0 0.64453125 0.50732421875 0.0498046875 0.0732421875
0 0.6962890625 0.4462890625 0.0537109375 0.076171875
0 0.73974609375 0.314453125 0.0498046875 0.0615234375
0 0.7724609375 0.3681640625 0.052734375 0.0791015625
0 0.89697265625 0.2744140625 0.1162109375 0.150390625
0 0.92919921875 0.17529296875 0.0556640625 0.08203125
0 0.98681640625 0.1806640625 0.0263671875 0.076171875
0 0.4169921875 0.8955078125 0.0361328125 0.0927734375
0 0.4775390625 0.927734375 0.0380859375 0.091796875
1 0.5859375 0.74853515625 0.013671875 0.021484375
1 0.34521484375 0.50537109375 0.0126953125 0.01953125