0 0.2529296875 0.111328125 0.04296875 0.041015625
0 0.2978515625 0.1337890625 0.044921875 0.0703125
0 0.34130859375 0.16943359375 0.02099609375 0.091796875
0 0.52685546875 0.0791015625 0.0224609375 0.095703125
0 0.09912109375 0.20166015625 0.0458984375 0.0673828125
0 0.22802734375 0.267578125 0.044921875 0.0625
0 0.40869140625 0.3564453125 0.048828125 0.052734375
0 0.38671875 0.39599609375 0.04052734375 0.05419921875
0 0.47216796875 0.53369140625 0.05322265625 0.23974609375
0 0.1728515625 0.81201171875 0.03955078125 0.0751953125
0 0.54443359375 0.7744140625 0.0263671875 0.1005859375
0 0.52294921875 0.90234375 0.02978515625 0.0771484375
0 0.59814453125 0.67236328125 0.03466796875 0.06884765625
0 0.56005859375 0.58740234375 0.03076171875 0.091796875
0 0.54248046875 0.4921875 0.04443359375 0.07373046875
0 0.62255859375 0.52392578125 0.04345703125 0.06591796875
0 0.70263671875 0.45654296875 0.041015625 0.07080078125
0 0.77001953125 0.34033203125 0.04541015625 0.06298828125
0 0.82861328125 0.2744140625 0.04296875 0.05126953125
0 0.89111328125 0.21240234375 0.0478515625 0.06298828125
0 0.95849609375 0.15234375 0.0439453125 0.06298828125
0 0.619140625 0.15673828125 0.04443359375 0.04248046875
0 0.005859375 0.13623046875 0.01123046875 0.04296875
1 0.400390625 0.55419921875 0.0224609375 0.03955078125
1 0.62548828125 0.67919921875 0.00927734375 0.0185546875
1 0.732421875 0.4599609375 0.00634765625 0.013671875
1 0.81494140625 0.36572265625 0.00927734375 0.0166015625
1 0.1025390625 0.33203125 0.0146484375 0.0185546875