0 0.1826171875 0.84326171875 0.03857421875 0.0771484375
0 0.00927734375 0.17236328125 0.01806640625 0.044921875
0 0.06591796875 0.22021484375 0.0517578125 0.06103515625
0 0.14990234375 0.2724609375 0.056640625 0.0673828125
0 0.27978515625 0.31591796875 0.0517578125 0.06201171875
0 0.24951171875 0.1337890625 0.04296875 0.0439453125
0 0.29052734375 0.1552734375 0.044921875 0.06201171875
0 0.3369140625 0.18798828125 0.02978515625 0.0869140625
0 0.52099609375 0.07958984375 0.02490234375 0.0986328125
0 0.61328125 0.1533203125 0.04931640625 0.05419921875
0 0.40478515625 0.36083984375 0.05322265625 0.0537109375
0 0.37451171875 0.40673828125 0.05322265625 0.04638671875
0 0.494140625 0.3876953125 0.041015625 0.0478515625
0 0.50244140625 0.4658203125 0.05322265625 0.0712890625
0 0.51708984375 0.609375 0.0439453125 0.05712890625
0 0.64453125 0.48974609375 0.04150390625 0.06884765625
0 0.6884765625 0.4228515625 0.0458984375 0.07080078125
0 0.71533203125 0.28662109375 0.04345703125 0.05712890625
0 0.75439453125 0.3359375 0.04443359375 0.07421875
0 0.86669921875 0.2275390625 0.099609375 0.1396484375
0 0.88623046875 0.12548828125 0.04638671875 0.0771484375
0 0.95849609375 0.1220703125 0.0458984375 0.0712890625
0 0.4658203125 0.90283203125 0.025390625 0.0908203125
0 0.52978515625 0.92724609375 0.02783203125 0.08935546875
0 0.9921875 0.1279296875 0.00927734375 0.0263671875
1 0.61572265625 0.736328125 0.01123046875 0.02001953125
1 0.34716796875 0.5244140625 0.0107421875 0.01806640625