0 0.77978515625 0.13427734375 0.0458984375 0.044921875
0 0.7333984375 0.15283203125 0.05078125 0.07421875
0 0.68701171875 0.1845703125 0.029296875 0.09375
0 0.509765625 0.078125 0.0302734375 0.09765625
0 0.92529296875 0.23779296875 0.0517578125 0.0712890625
0 0.791015625 0.2919921875 0.0498046875 0.06640625
0 0.603515625 0.36474609375 0.0537109375 0.056640625
0 0.6220703125 0.40625 0.044921875 0.0576171875
0 0.52490234375 0.5361328125 0.07421875 0.2431640625
0 0.798828125 0.83935546875 0.0458984375 0.078125
0 0.431640625 0.76953125 0.03515625 0.1025390625
0 0.44189453125 0.89892578125 0.0361328125 0.0791015625
0 0.38720703125 0.6630859375 0.041015625 0.0712890625
0 0.4326171875 0.58203125 0.0390625 0.09375
0 0.45849609375 0.48828125 0.05078125 0.0771484375
0 0.3759765625 0.51318359375 0.048828125 0.0693359375
0 0.3017578125 0.43896484375 0.046875 0.07421875
0 0.2451171875 0.3173828125 0.05078125 0.06640625
0 0.1923828125 0.24658203125 0.046875 0.0546875
0 0.13525390625 0.17919921875 0.052734375 0.0673828125
0 0.07373046875 0.11376953125 0.048828125 0.06640625
0 0.4111328125 0.1474609375 0.0478515625 0.0458984375
1 0.5947265625 0.5625 0.025390625 0.041015625
1 0.359375 0.66748046875 0.0107421875 0.01953125
1 0.27197265625 0.43994140625 0.0078125 0.0146484375
1 0.19775390625 0.3388671875 0.0107421875 0.017578125
1 0.91064453125 0.3671875 0.0166015625 0.01953125