0 0.146484375 0.8037109375 0.044921875 0.0830078125
0 0.05908203125 0.1484375 0.05078125 0.06640625
0 0.13134765625 0.19921875 0.0556640625 0.0654296875
0 0.24267578125 0.26611328125 0.05078125 0.0615234375
0 0.28955078125 0.1083984375 0.0439453125 0.0537109375
0 0.32861328125 0.134765625 0.052734375 0.076171875
0 0.369140625 0.1748046875 0.0322265625 0.095703125
0 0.37158203125 0.33154296875 0.056640625 0.064453125
0 0.36669921875 0.38134765625 0.0546875 0.0625
0 0.43798828125 0.42236328125 0.0546875 0.0673828125
0 0.4560546875 0.36865234375 0.044921875 0.0537109375
0 0.5654296875 0.0869140625 0.0419921875 0.103515625
0 0.64892578125 0.16845703125 0.0556640625 0.060546875
0 0.5751953125 0.42822265625 0.0537109375 0.0791015625
0 0.7041015625 0.33056640625 0.052734375 0.0703125
0 0.7880859375 0.3486328125 0.0546875 0.078125
0 0.90087890625 0.2587890625 0.111328125 0.1396484375
0 0.98779296875 0.1728515625 0.0244140625 0.0703125
0 0.72412109375 0.41796875 0.052734375 0.0703125
0 0.6533203125 0.49853515625 0.046875 0.07421875
0 0.55712890625 0.61376953125 0.0517578125 0.0693359375
0 0.4833984375 0.93017578125 0.0380859375 0.0869140625