0 0.18017578125 0.8388671875 0.037109375 0.0791015625
0 0.02490234375 0.1962890625 0.044921875 0.06201171875
0 0.10205078125 0.2392578125 0.0498046875 0.06103515625
0 0.2197265625 0.29443359375 0.04541015625 0.05712890625
0 0.24951171875 0.13232421875 0.0390625 0.0498046875
0 0.29150390625 0.15478515625 0.0458984375 0.0712890625
0 0.3359375 0.1904296875 0.0224609375 0.09423828125
0 0.3544921875 0.345703125 0.05029296875 0.05908203125
0 0.35498046875 0.39599609375 0.04931640625 0.05810546875
0 0.43017578125 0.42919921875 0.04833984375 0.06298828125
0 0.4423828125 0.3740234375 0.0400390625 0.04931640625
0 0.52197265625 0.08251953125 0.03125 0.1005859375
0 0.61328125 0.15478515625 0.05029296875 0.0556640625
0 0.5673828125 0.4208984375 0.0458984375 0.0751953125
0 0.68505859375 0.31005859375 0.04638671875 0.06591796875
0 0.7705078125 0.3193359375 0.046875 0.07373046875
0 0.87353515625 0.21826171875 0.0986328125 0.13037109375
0 0.9638671875 0.1220703125 0.04345703125 0.06591796875
0 0.71435546875 0.39501953125 0.0458984375 0.0654296875
0 0.65234375 0.482421875 0.03955078125 0.0703125
0 0.56884765625 0.60693359375 0.044921875 0.0654296875
0 0.5283203125 0.9296875 0.02978515625 0.083984375