0 0.15185546875 0.8095703125 0.0439453125 0.08203125
0 0.05322265625 0.15625 0.0498046875 0.0654296875
0 0.12646484375 0.20556640625 0.0546875 0.0654296875
0 0.23876953125 0.27099609375 0.0498046875 0.060546875
0 0.28271484375 0.11181640625 0.04296875 0.052734375
0 0.322265625 0.1376953125 0.0517578125 0.0751953125
0 0.36376953125 0.17724609375 0.0302734375 0.095703125
0 0.36865234375 0.33349609375 0.0556640625 0.0634765625
0 0.36474609375 0.3837890625 0.0537109375 0.0625
0 0.4365234375 0.42333984375 0.0537109375 0.0673828125
0 0.45361328125 0.36962890625 0.0439453125 0.052734375
0 0.55810546875 0.0859375 0.0400390625 0.1025390625
0 0.64306640625 0.166015625 0.0546875 0.0595703125
0 0.57421875 0.42724609375 0.052734375 0.0791015625
0 0.70068359375 0.3271484375 0.0517578125 0.0693359375
0 0.78515625 0.34375 0.052734375 0.0771484375
0 0.896484375 0.251953125 0.109375 0.138671875
0 0.9853515625 0.16357421875 0.029296875 0.0693359375
0 0.72265625 0.4140625 0.0517578125 0.0693359375
0 0.6533203125 0.49560546875 0.0458984375 0.0732421875
0 0.55908203125 0.6123046875 0.05078125 0.0693359375
0 0.49072265625 0.9306640625 0.037109375 0.0859375