0 0.7529296875 0.89306640625 0.0517578125 0.0830078125
0 0.97265625 0.29931640625 0.0546875 0.0693359375
0 0.88427734375 0.3369140625 0.0673828125 0.076171875
0 0.7490234375 0.35693359375 0.0615234375 0.0703125
0 0.81005859375 0.1826171875 0.0498046875 0.05078125
0 0.76611328125 0.19677734375 0.0546875 0.0693359375
0 0.71484375 0.22119140625 0.0439453125 0.0908203125
0 0.55224609375 0.08251953125 0.0419921875 0.1015625
0 0.44873046875 0.13916015625 0.0576171875 0.0615234375
0 0.6181640625 0.37939453125 0.0615234375 0.0625
0 0.6396484375 0.43017578125 0.060546875 0.0546875
0 0.525390625 0.390625 0.048828125 0.0546875
0 0.50341796875 0.4658203125 0.064453125 0.0791015625
0 0.46435546875 0.60498046875 0.052734375 0.0634765625
0 0.359375 0.46484375 0.052734375 0.0751953125
0 0.32763671875 0.39111328125 0.0576171875 0.078125
0 0.3251953125 0.25244140625 0.052734375 0.0634765625
0 0.27783203125 0.29443359375 0.056640625 0.0810546875
0 0.18603515625 0.16796875 0.1220703125 0.1552734375
0 0.1845703125 0.06396484375 0.05859375 0.083984375
0 0.1142578125 0.04833984375 0.0576171875 0.078125
0 0.4638671875 0.90283203125 0.041015625 0.09375
0 0.396484375 0.91552734375 0.04296875 0.0927734375
0 0.080078125 0.04833984375 0.013671875 0.02734375
1 0.34521484375 0.71240234375 0.0146484375 0.021484375
1 0.646484375 0.55078125 0.013671875 0.01953125