0 0.048828125 0.1787109375 0.05322265625 0.0625
0 0.16162109375 0.240234375 0.04736328125 0.06103515625
0 0.25439453125 0.11376953125 0.037109375 0.052734375
0 0.29736328125 0.13623046875 0.04150390625 0.0654296875
0 0.3408203125 0.17138671875 0.02099609375 0.0859375
0 0.52685546875 0.080078125 0.02099609375 0.09228515625
0 0.27685546875 0.2939453125 0.04931640625 0.05615234375
0 0.17529296875 0.814453125 0.04345703125 0.0751953125
0 0.41943359375 0.36328125 0.046875 0.0546875
0 0.4111328125 0.4072265625 0.048828125 0.05126953125
0 0.49853515625 0.46923828125 0.08984375 0.216796875
0 0.556640625 0.517578125 0.041015625 0.0771484375
0 0.6181640625 0.16015625 0.04736328125 0.04638671875
0 0.9580078125 0.1494140625 0.04443359375 0.06201171875
0 0.87451171875 0.224609375 0.04736328125 0.0673828125
0 0.8203125 0.28369140625 0.04443359375 0.06201171875
0 0.76318359375 0.34130859375 0.04736328125 0.0576171875
0 0.685546875 0.48486328125 0.03857421875 0.0712890625
0 0.623046875 0.5224609375 0.04736328125 0.0673828125
0 0.5634765625 0.63916015625 0.02783203125 0.09033203125
0 0.56396484375 0.76513671875 0.0341796875 0.072265625
0 0.5263671875 0.8916015625 0.03662109375 0.09033203125
1 0.60595703125 0.732421875 0.00927734375 0.021484375
1 0.40771484375 0.60595703125 0.01220703125 0.0224609375
1 0.79296875 0.39111328125 0.00927734375 0.01806640625
1 0.75244140625 0.44775390625 0.0107421875 0.02001953125
1 0.12353515625 0.341796875 0.0107421875 0.02294921875