0 0.9619140625 0.80517578125 0.0556640625 0.064453125
0 0.84716796875 0.74755859375 0.0498046875 0.0625
0 0.7587890625 0.87744140625 0.0390625 0.0537109375
0 0.71533203125 0.8564453125 0.0439453125 0.06640625
0 0.67041015625 0.82275390625 0.0244140625 0.0869140625
0 0.48779296875 0.92041015625 0.0244140625 0.0927734375
0 0.72998046875 0.6982421875 0.05078125 0.0576171875
0 0.8134765625 0.17431640625 0.0458984375 0.0771484375
0 0.58544921875 0.6337890625 0.048828125 0.056640625
0 0.59228515625 0.58984375 0.05078125 0.052734375
0 0.50244140625 0.53076171875 0.09765625 0.2197265625
0 0.44287109375 0.484375 0.0439453125 0.078125
0 0.3935546875 0.84375 0.048828125 0.0478515625
0 0.0546875 0.8662109375 0.046875 0.0634765625
0 0.13525390625 0.7880859375 0.0498046875 0.0693359375
0 0.1875 0.7275390625 0.046875 0.0634765625
0 0.24267578125 0.66796875 0.0498046875 0.0595703125
0 0.31494140625 0.521484375 0.041015625 0.072265625
0 0.37646484375 0.48193359375 0.0498046875 0.0693359375
0 0.431640625 0.36328125 0.03125 0.0908203125
0 0.4267578125 0.2373046875 0.037109375 0.0732421875
0 0.4599609375 0.109375 0.0400390625 0.091796875
1 0.38623046875 0.271484375 0.009765625 0.021484375
1 0.58837890625 0.39111328125 0.0126953125 0.0224609375
1 0.2109375 0.619140625 0.009765625 0.0185546875
1 0.24951171875 0.56103515625 0.01171875 0.0205078125
1 0.8818359375 0.64501953125 0.01171875 0.0234375