0 0.1474609375 0.92724609375 0.0673828125 0.07421875
0 0.240234375 0.83837890625 0.0615234375 0.0712890625
0 0.36279296875 0.9365234375 0.0498046875 0.060546875
0 0.3984375 0.90380859375 0.056640625 0.07421875
0 0.43115234375 0.8583984375 0.04296875 0.0888671875
0 0.634765625 0.8984375 0.0439453125 0.0947265625
0 0.337890625 0.7568359375 0.0625 0.0673828125
0 0.10498046875 0.2802734375 0.0615234375 0.083984375
0 0.45751953125 0.65283203125 0.0595703125 0.0654296875
0 0.43798828125 0.61279296875 0.060546875 0.0625
0 0.50634765625 0.5302734375 0.142578125 0.232421875
0 0.55029296875 0.46826171875 0.0595703125 0.0849609375
0 0.7021484375 0.7978515625 0.0576171875 0.056640625
0 0.93310546875 0.6689453125 0.0634765625 0.0771484375
0 0.865234375 0.6259765625 0.05859375 0.0712890625
0 0.79541015625 0.5849609375 0.060546875 0.068359375
0 0.68310546875 0.466796875 0.0556640625 0.0791015625
0 0.61328125 0.4462890625 0.0634765625 0.0771484375
0 0.525390625 0.34912109375 0.0498046875 0.0947265625
0 0.4931640625 0.2275390625 0.0517578125 0.0791015625
0 0.42431640625 0.11474609375 0.05859375 0.0966796875
1 0.5419921875 0.248046875 0.0146484375 0.0234375
1 0.38330078125 0.42138671875 0.017578125 0.0244140625
1 0.81103515625 0.529296875 0.013671875 0.01953125
1 0.75732421875 0.4853515625 0.015625 0.0224609375
1 0.17724609375 0.75048828125 0.0166015625 0.025390625