0 0.9111328125 0.24755859375 0.05859375 0.0712890625
0 0.8046875 0.2861328125 0.05078125 0.0595703125
0 0.72900390625 0.1513671875 0.048828125 0.06640625
0 0.77197265625 0.13525390625 0.0439453125 0.0546875
0 0.68017578125 0.18310546875 0.0322265625 0.09375
0 0.69140625 0.32568359375 0.0537109375 0.060546875
0 0.5029296875 0.0791015625 0.029296875 0.099609375
0 0.4072265625 0.1484375 0.0498046875 0.044921875
0 0.57763671875 0.37451171875 0.0498046875 0.0625
0 0.5927734375 0.4169921875 0.0458984375 0.0556640625
0 0.47119140625 0.42431640625 0.130859375 0.1728515625
0 0.4287109375 0.74462890625 0.03515625 0.0908203125
0 0.443359375 0.890625 0.0302734375 0.0791015625
0 0.419921875 0.59912109375 0.0390625 0.095703125
0 0.80224609375 0.83544921875 0.0419921875 0.076171875
0 0.37744140625 0.5224609375 0.0478515625 0.0634765625
0 0.34130859375 0.53271484375 0.0458984375 0.08203125
0 0.267578125 0.35107421875 0.0498046875 0.06640625
0 0.2119140625 0.28271484375 0.052734375 0.0625
0 0.15185546875 0.21240234375 0.0517578125 0.0732421875
0 0.08203125 0.13134765625 0.048828125 0.0673828125
1 0.86181640625 0.38232421875 0.015625 0.0205078125
1 0.5693359375 0.67431640625 0.015625 0.0302734375
1 0.310546875 0.5576171875 0.0126953125 0.025390625
1 0.23828125 0.39892578125 0.0205078125 0.0302734375