0 0.107421875 0.2197265625 0.05419921875 0.0673828125
0 0.2109375 0.265625 0.04736328125 0.05615234375
0 0.2958984375 0.13623046875 0.044921875 0.06298828125
0 0.25390625 0.1171875 0.0400390625 0.05224609375
0 0.34228515625 0.17138671875 0.025390625 0.09228515625
0 0.3212890625 0.31298828125 0.0498046875 0.0576171875
0 0.5263671875 0.080078125 0.0224609375 0.0986328125
0 0.6171875 0.15576171875 0.04736328125 0.04150390625
0 0.43115234375 0.36962890625 0.0458984375 0.05908203125
0 0.4130859375 0.41064453125 0.04248046875 0.052734375
0 0.5341796875 0.4267578125 0.1201171875 0.16455078125
0 0.55419921875 0.7490234375 0.02880859375 0.0888671875
0 0.529296875 0.8935546875 0.025390625 0.07763671875
0 0.57275390625 0.6044921875 0.03271484375 0.09326171875
0 0.17529296875 0.8134765625 0.037109375 0.07421875
0 0.62060546875 0.53076171875 0.0439453125 0.06103515625
0 0.65625 0.5439453125 0.0400390625 0.0791015625
0 0.7421875 0.36767578125 0.0458984375 0.06298828125
0 0.802734375 0.30322265625 0.04833984375 0.05908203125
0 0.8671875 0.2373046875 0.046875 0.0703125
0 0.94287109375 0.16162109375 0.044921875 0.064453125
1 0.1474609375 0.357421875 0.0146484375 0.02001953125
1 0.41845703125 0.6689453125 0.013671875 0.029296875
1 0.68505859375 0.57080078125 0.01123046875 0.02490234375
1 0.76806640625 0.41748046875 0.0185546875 0.029296875