0 0.15625 0.16162109375 0.064453125 0.0751953125
0 0.2509765625 0.22314453125 0.0556640625 0.0625
0 0.35546875 0.10888671875 0.0546875 0.0693359375
0 0.31689453125 0.08349609375 0.0478515625 0.0576171875
0 0.3955078125 0.15087890625 0.0390625 0.0947265625
0 0.3525390625 0.287109375 0.05859375 0.064453125
0 0.591796875 0.08935546875 0.0380859375 0.1005859375
0 0.66943359375 0.17822265625 0.0537109375 0.048828125
0 0.45263671875 0.3603515625 0.0546875 0.0654296875
0 0.42822265625 0.39794921875 0.0498046875 0.05859375
0 0.54541015625 0.43310546875 0.14453125 0.181640625
0 0.5146484375 0.75439453125 0.0419921875 0.091796875
0 0.46728515625 0.89306640625 0.037109375 0.0810546875
0 0.5556640625 0.61474609375 0.046875 0.09765625
0 0.13037109375 0.7587890625 0.0478515625 0.0791015625
0 0.6142578125 0.54931640625 0.052734375 0.0673828125
0 0.6474609375 0.56787109375 0.0517578125 0.083984375
0 0.759765625 0.4072265625 0.0556640625 0.0693359375
0 0.82958984375 0.35302734375 0.056640625 0.0654296875
0 0.90380859375 0.2978515625 0.0576171875 0.0771484375
0 0.9814453125 0.234375 0.037109375 0.0703125
1 0.17431640625 0.30419921875 0.017578125 0.0224609375
1 0.39306640625 0.654296875 0.0185546875 0.03125
1 0.671875 0.59912109375 0.0146484375 0.0263671875
1 0.77783203125 0.46044921875 0.0224609375 0.0322265625