0 0.2119140625 0.8515625 0.046875 0.0810546875
0 0.0205078125 0.22021484375 0.041015625 0.0615234375
0 0.12939453125 0.2919921875 0.0595703125 0.0771484375
0 0.234375 0.31982421875 0.052734375 0.0615234375
0 0.21484375 0.1484375 0.044921875 0.052734375
0 0.25927734375 0.16259765625 0.0498046875 0.0712890625
0 0.3076171875 0.19482421875 0.03125 0.0927734375
0 0.3505859375 0.349609375 0.052734375 0.05859375
0 0.4033203125 0.42138671875 0.0478515625 0.0576171875
0 0.4580078125 0.38916015625 0.05078125 0.0625
0 0.48095703125 0.0771484375 0.0341796875 0.0908203125
0 0.58056640625 0.1474609375 0.05078125 0.048828125
0 0.6025390625 0.36474609375 0.13671875 0.138671875
0 0.703125 0.37353515625 0.0517578125 0.06640625
0 0.75244140625 0.30078125 0.05078125 0.0712890625
0 0.81396484375 0.2236328125 0.056640625 0.0732421875
0 0.8955078125 0.12890625 0.0537109375 0.0654296875
0 0.634765625 0.59814453125 0.0478515625 0.0791015625
0 0.56201171875 0.56494140625 0.0556640625 0.0498046875
0 0.58154296875 0.7197265625 0.0400390625 0.09765625
0 0.568359375 0.87646484375 0.0419921875 0.099609375
1 0.77587890625 0.35986328125 0.0146484375 0.021484375
1 0.7421875 0.42626953125 0.0185546875 0.0234375
1 0.6904296875 0.55078125 0.01171875 0.0205078125
1 0.4443359375 0.74072265625 0.0087890625 0.0234375
1 0.15625 0.4091796875 0.017578125 0.0224609375
1 0.45068359375 0.74267578125 0.009765625 0.029296875