0 0.150390625 0.7900390625 0.044921875 0.0810546875
0 0.0390625 0.11962890625 0.01953125 0.0478515625
0 0.08056640625 0.13330078125 0.044921875 0.060546875
0 0.17626953125 0.22509765625 0.05859375 0.076171875
0 0.27392578125 0.2724609375 0.0517578125 0.0615234375
0 0.287109375 0.1005859375 0.0439453125 0.052734375
0 0.328125 0.12255859375 0.048828125 0.0712890625
0 0.36962890625 0.16357421875 0.0302734375 0.0927734375
0 0.3818359375 0.32421875 0.0517578125 0.0576171875
0 0.419921875 0.404296875 0.046875 0.0576171875
0 0.47998046875 0.3828125 0.0498046875 0.0615234375
0 0.56201171875 0.08154296875 0.033203125 0.08984375
0 0.646484375 0.16943359375 0.0498046875 0.0478515625
0 0.62646484375 0.38671875 0.134765625 0.13671875
0 0.7236328125 0.41455078125 0.05078125 0.0654296875
0 0.7861328125 0.3525390625 0.0498046875 0.0703125
0 0.861328125 0.28857421875 0.0556640625 0.0732421875
0 0.958984375 0.21142578125 0.052734375 0.064453125
0 0.61328125 0.6220703125 0.046875 0.0791015625
0 0.54833984375 0.57568359375 0.0546875 0.048828125
0 0.5380859375 0.7314453125 0.0380859375 0.09765625
0 0.49560546875 0.88232421875 0.041015625 0.0986328125
1 0.79736328125 0.4150390625 0.013671875 0.021484375
1 0.751953125 0.47412109375 0.017578125 0.0224609375
1 0.67724609375 0.5859375 0.01171875 0.0205078125
1 0.3994140625 0.7255859375 0.0087890625 0.0234375
1 0.1796875 0.34521484375 0.0166015625 0.0224609375
1 0.4052734375 0.72900390625 0.009765625 0.0283203125