0 0.1767578125 0.8193359375 0.03857421875 0.07763671875
0 0.0078125 0.1611328125 0.015625 0.046875
0 0.05029296875 0.17138671875 0.04052734375 0.0576171875
0 0.1533203125 0.25439453125 0.05224609375 0.072265625
0 0.2548828125 0.29296875 0.04736328125 0.05712890625
0 0.2529296875 0.12060546875 0.03955078125 0.04931640625
0 0.2958984375 0.13916015625 0.04345703125 0.0673828125
0 0.3408203125 0.17626953125 0.02197265625 0.0908203125
0 0.3671875 0.3349609375 0.04736328125 0.0537109375
0 0.412109375 0.41162109375 0.0419921875 0.0537109375
0 0.4697265625 0.38525390625 0.04541015625 0.0576171875
0 0.525390625 0.07763671875 0.025390625 0.08837890625
0 0.6171875 0.15771484375 0.04638671875 0.0439453125
0 0.6162109375 0.3759765625 0.12451171875 0.12646484375
0 0.71533203125 0.3955078125 0.0458984375 0.06201171875
0 0.77197265625 0.328125 0.0439453125 0.06689453125
0 0.84130859375 0.2578125 0.0498046875 0.06884765625
0 0.93212890625 0.17236328125 0.04736328125 0.06103515625
0 0.62353515625 0.61181640625 0.0400390625 0.07568359375
0 0.5546875 0.5712890625 0.05126953125 0.044921875
0 0.55810546875 0.72705078125 0.0302734375 0.09521484375
0 0.52880859375 0.88134765625 0.0322265625 0.0966796875
1 0.7890625 0.3896484375 0.01220703125 0.02001953125
1 0.74853515625 0.4521484375 0.01611328125 0.021484375
1 0.68408203125 0.5703125 0.009765625 0.02001953125
1 0.41943359375 0.7333984375 0.0068359375 0.0224609375
1 0.16748046875 0.37353515625 0.01513671875 0.021484375
1 0.42578125 0.736328125 0.0068359375 0.0283203125