0 0.0185546875 0.1953125 0.037109375 0.0625
0 0.01123046875 0.2607421875 0.0224609375 0.060546875
0 0.0908203125 0.259765625 0.0556640625 0.0703125
0 0.20751953125 0.2978515625 0.04296875 0.0576171875
0 0.23388671875 0.1396484375 0.041015625 0.0498046875
0 0.275390625 0.15478515625 0.0458984375 0.0712890625
0 0.322265625 0.19287109375 0.0302734375 0.087890625
0 0.314453125 0.38037109375 0.0546875 0.0615234375
0 0.30712890625 0.43212890625 0.0537109375 0.0712890625
0 0.39306640625 0.365234375 0.0517578125 0.0537109375
0 0.50146484375 0.0810546875 0.0283203125 0.09375
0 0.5986328125 0.15625 0.046875 0.05859375
0 0.55615234375 0.37353515625 0.0517578125 0.0419921875
0 0.7158203125 0.27490234375 0.05078125 0.0595703125
0 0.81640625 0.25341796875 0.0498046875 0.0634765625
0 0.96484375 0.09326171875 0.033203125 0.0810546875
0 0.74951171875 0.33984375 0.0439453125 0.064453125
0 0.703125 0.396484375 0.044921875 0.064453125
0 0.65576171875 0.47314453125 0.0458984375 0.0732421875
0 0.498046875 0.46435546875 0.044921875 0.0634765625
0 0.19580078125 0.845703125 0.0439453125 0.078125
0 0.5498046875 0.92431640625 0.0322265625 0.0849609375
0 0.48974609375 0.970703125 0.0263671875 0.05859375
1 0.23779296875 0.44775390625 0.009765625 0.017578125
1 0.4482421875 0.9296875 0.0087890625 0.01953125
1 0.44091796875 0.93115234375 0.0068359375 0.0185546875
1 0.697265625 0.5341796875 0.009765625 0.0146484375
1 0.83544921875 0.28857421875 0.013671875 0.0205078125