0 0.02685546875 0.169921875 0.0517578125 0.0595703125
0 0.01708984375 0.2353515625 0.0341796875 0.05908203125
0 0.10400390625 0.23876953125 0.0517578125 0.0673828125
0 0.21826171875 0.28271484375 0.0400390625 0.0556640625
0 0.2529296875 0.1259765625 0.03857421875 0.0478515625
0 0.2939453125 0.1435546875 0.0419921875 0.0693359375
0 0.33837890625 0.18408203125 0.025390625 0.0869140625
0 0.32080078125 0.37060546875 0.0517578125 0.05908203125
0 0.31103515625 0.42236328125 0.05029296875 0.06884765625
0 0.400390625 0.35986328125 0.048828125 0.05126953125
0 0.5234375 0.08154296875 0.02392578125 0.09228515625
0 0.61669921875 0.162109375 0.04443359375 0.05615234375
0 0.5625 0.37646484375 0.0498046875 0.03955078125
0 0.7275390625 0.28662109375 0.0478515625 0.0576171875
0 0.8291015625 0.2705078125 0.046875 0.06103515625
0 0.9853515625 0.1181640625 0.029296875 0.080078125
0 0.75732421875 0.35302734375 0.041015625 0.06201171875
0 0.70849609375 0.4072265625 0.04150390625 0.06201171875
0 0.65673828125 0.4814453125 0.0419921875 0.07080078125
0 0.5 0.46435546875 0.0419921875 0.06103515625
0 0.17822265625 0.8291015625 0.0400390625 0.076171875
0 0.52734375 0.92626953125 0.0283203125 0.083984375
0 0.46533203125 0.970703125 0.0234375 0.05810546875
1 0.24072265625 0.43408203125 0.00927734375 0.017578125
1 0.42578125 0.92626953125 0.0078125 0.01953125
1 0.41845703125 0.92724609375 0.00634765625 0.01806640625
1 0.6953125 0.54443359375 0.0087890625 0.0146484375
1 0.84619140625 0.306640625 0.01220703125 0.02001953125