0 0.9423828125 0.8701171875 0.056640625 0.0634765625
0 0.9580078125 0.8056640625 0.0390625 0.0615234375
0 0.87158203125 0.794921875 0.0576171875 0.0712890625
0 0.76171875 0.7412109375 0.044921875 0.05859375
0 0.71337890625 0.89404296875 0.04296875 0.05078125
0 0.67431640625 0.873046875 0.0478515625 0.072265625
0 0.63330078125 0.82861328125 0.033203125 0.0888671875
0 0.66748046875 0.64453125 0.056640625 0.0634765625
0 0.681640625 0.59375 0.0556640625 0.0732421875
0 0.5869140625 0.6484375 0.052734375 0.0556640625
0 0.43994140625 0.9150390625 0.0322265625 0.09375
0 0.3544921875 0.82666015625 0.048828125 0.0595703125
0 0.4267578125 0.61767578125 0.052734375 0.0439453125
0 0.2548828125 0.69287109375 0.052734375 0.0615234375
0 0.15234375 0.69970703125 0.0517578125 0.064453125
0 0.23095703125 0.6240234375 0.0458984375 0.0654296875
0 0.2841796875 0.57421875 0.046875 0.0654296875
0 0.34228515625 0.5048828125 0.0478515625 0.07421875
0 0.4970703125 0.53564453125 0.046875 0.064453125
0 0.84912109375 0.2001953125 0.046875 0.0791015625
0 0.509765625 0.07275390625 0.03515625 0.0859375
0 0.57568359375 0.0341796875 0.0283203125 0.0595703125
1 0.75244140625 0.58837890625 0.0107421875 0.0185546875
1 0.611328125 0.08203125 0.009765625 0.0205078125
1 0.61865234375 0.08154296875 0.0078125 0.0185546875
1 0.30908203125 0.4384765625 0.009765625 0.015625
1 0.13818359375 0.66259765625 0.013671875 0.021484375