0 0.89794921875 0.83349609375 0.0615234375 0.0751953125
0 0.79833984375 0.7421875 0.0556640625 0.0673828125
0 0.8173828125 0.69873046875 0.056640625 0.0634765625
0 0.7138671875 0.89404296875 0.044921875 0.0498046875
0 0.671875 0.86767578125 0.0546875 0.0712890625
0 0.630859375 0.83447265625 0.0341796875 0.0859375
0 0.68896484375 0.69970703125 0.044921875 0.05078125
0 0.5576171875 0.6396484375 0.0478515625 0.052734375
0 0.59716796875 0.60400390625 0.060546875 0.0654296875
0 0.43896484375 0.91259765625 0.0283203125 0.091796875
0 0.35595703125 0.82861328125 0.0556640625 0.048828125
0 0.84814453125 0.20068359375 0.044921875 0.08203125
0 0.54150390625 0.28515625 0.0302734375 0.0947265625
0 0.521484375 0.0234375 0.0234375 0.046875
0 0.43896484375 0.41259765625 0.0400390625 0.083984375
0 0.34619140625 0.50048828125 0.05078125 0.0771484375
0 0.306640625 0.66015625 0.05078125 0.0693359375
0 0.28564453125 0.57421875 0.044921875 0.06640625
0 0.23291015625 0.6240234375 0.0556640625 0.06640625
0 0.17236328125 0.68310546875 0.048828125 0.068359375
0 0.12353515625 0.79345703125 0.052734375 0.07421875
0 0.02001953125 0.826171875 0.0400390625 0.115234375
1 0.7392578125 0.568359375 0.01171875 0.0185546875
1 0.6220703125 0.021484375 0.0068359375 0.021484375
1 0.61669921875 0.01953125 0.0107421875 0.0224609375
1 0.32958984375 0.4130859375 0.0146484375 0.0244140625
1 0.1083984375 0.67138671875 0.0166015625 0.029296875