0 0.07470703125 0.20263671875 0.0556640625 0.07080078125
0 0.181640625 0.28466796875 0.05078125 0.06298828125
0 0.16650390625 0.32958984375 0.0517578125 0.05908203125
0 0.25244140625 0.1259765625 0.041015625 0.04638671875
0 0.296875 0.14892578125 0.048828125 0.0673828125
0 0.34033203125 0.17822265625 0.02685546875 0.08349609375
0 0.29443359375 0.3173828125 0.041015625 0.0478515625
0 0.43017578125 0.36572265625 0.0439453125 0.048828125
0 0.39404296875 0.40478515625 0.0556640625 0.06103515625
0 0.52490234375 0.08349609375 0.02099609375 0.09033203125
0 0.61474609375 0.16015625 0.05224609375 0.044921875
0 0.17919921875 0.82861328125 0.03857421875 0.0791015625
0 0.4775390625 0.7177734375 0.02197265625 0.09326171875
0 0.51953125 0.9765625 0.01904296875 0.04638671875
0 0.568359375 0.58154296875 0.03271484375 0.0810546875
0 0.6533203125 0.486328125 0.04443359375 0.07373046875
0 0.6787109375 0.32373046875 0.044921875 0.0654296875
0 0.70703125 0.4072265625 0.0400390625 0.06298828125
0 0.75537109375 0.35302734375 0.05029296875 0.06201171875
0 0.810546875 0.2890625 0.04296875 0.064453125
0 0.849609375 0.1748046875 0.046875 0.0703125
0 0.966796875 0.13134765625 0.06591796875 0.10986328125
1 0.255859375 0.45263671875 0.009765625 0.01806640625
1 0.419921875 0.9873046875 0.0048828125 0.021484375
1 0.42578125 0.98876953125 0.0087890625 0.021484375
1 0.67724609375 0.57177734375 0.01220703125 0.02294921875
1 0.875 0.294921875 0.0146484375 0.02783203125