0 0.935546875 0.2177734375 0.0576171875 0.072265625
0 0.82568359375 0.2958984375 0.052734375 0.064453125
0 0.83935546875 0.34130859375 0.0537109375 0.060546875
0 0.76025390625 0.134765625 0.04296875 0.0478515625
0 0.71533203125 0.15625 0.05078125 0.0693359375
0 0.6708984375 0.18408203125 0.029296875 0.083984375
0 0.7119140625 0.32470703125 0.04296875 0.048828125
0 0.57470703125 0.3681640625 0.0458984375 0.05078125
0 0.609375 0.40869140625 0.0576171875 0.0625
0 0.48974609375 0.0830078125 0.0244140625 0.0908203125
0 0.39697265625 0.15625 0.0537109375 0.046875
0 0.80908203125 0.83984375 0.041015625 0.080078125
0 0.5146484375 0.71826171875 0.025390625 0.09375
0 0.4638671875 0.9755859375 0.0205078125 0.046875
0 0.4287109375 0.5791015625 0.03515625 0.08203125
0 0.34716796875 0.48095703125 0.046875 0.0751953125
0 0.32763671875 0.3173828125 0.046875 0.0673828125
0 0.29638671875 0.39990234375 0.0419921875 0.064453125
0 0.25 0.34423828125 0.052734375 0.0634765625
0 0.19677734375 0.2783203125 0.044921875 0.0654296875
0 0.162109375 0.16259765625 0.048828125 0.072265625
0 0.04638671875 0.115234375 0.0693359375 0.1123046875
1 0.74560546875 0.46142578125 0.0107421875 0.0185546875
1 0.5625 0.9892578125 0.005859375 0.021484375
1 0.556640625 0.990234375 0.009765625 0.01953125
1 0.3203125 0.5654296875 0.0126953125 0.0234375
1 0.13232421875 0.28173828125 0.015625 0.0283203125