0 0.849609375 0.8037109375 0.04296875 0.072265625
0 0.958984375 0.197265625 0.037109375 0.05859375
0 0.92529296875 0.14599609375 0.05078125 0.0693359375
0 0.83447265625 0.21484375 0.056640625 0.0625
0 0.7158203125 0.11181640625 0.041015625 0.0498046875
0 0.67626953125 0.13671875 0.0517578125 0.0693359375
0 0.63427734375 0.1708984375 0.03125 0.08984375
0 0.7236328125 0.32421875 0.0556640625 0.0703125
0 0.63232421875 0.33056640625 0.0439453125 0.0546875
0 0.55078125 0.36865234375 0.052734375 0.0556640625
0 0.57568359375 0.4091796875 0.0537109375 0.072265625
0 0.44091796875 0.0859375 0.03125 0.1025390625
0 0.35400390625 0.17529296875 0.05859375 0.0537109375
0 0.47705078125 0.48828125 0.0439453125 0.08203125
0 0.3583984375 0.51318359375 0.0478515625 0.0810546875
0 0.29248046875 0.4306640625 0.0498046875 0.0654296875
0 0.2333984375 0.37744140625 0.0546875 0.078125
0 0.18359375 0.25244140625 0.0556640625 0.0703125
0 0.1787109375 0.31982421875 0.056640625 0.0810546875
0 0.04248046875 0.20068359375 0.0849609375 0.1357421875
0 0.0078125 0.08203125 0.015625 0.07421875
0 0.46826171875 0.7626953125 0.0419921875 0.0927734375
0 0.55859375 0.81494140625 0.0390625 0.095703125
1 0.72412109375 0.443359375 0.013671875 0.0283203125
1 0.345703125 0.6123046875 0.0146484375 0.0283203125