0 0.14501953125 0.20263671875 0.044921875 0.072265625
0 0.04638671875 0.81103515625 0.0380859375 0.05859375
0 0.0810546875 0.861328125 0.0517578125 0.0703125
0 0.1708984375 0.791015625 0.0576171875 0.0634765625
0 0.291015625 0.8916015625 0.0419921875 0.0498046875
0 0.33056640625 0.8662109375 0.052734375 0.0703125
0 0.37109375 0.8310546875 0.033203125 0.0908203125
0 0.279296875 0.6796875 0.056640625 0.0703125
0 0.37060546875 0.671875 0.044921875 0.0546875
0 0.45166015625 0.63232421875 0.0537109375 0.0556640625
0 0.42578125 0.59228515625 0.0546875 0.072265625
0 0.56640625 0.91259765625 0.033203125 0.1025390625
0 0.65185546875 0.822265625 0.0595703125 0.0546875
0 0.5234375 0.51123046875 0.0458984375 0.0830078125
0 0.64111328125 0.484375 0.048828125 0.0810546875
0 0.70849609375 0.5654296875 0.05078125 0.06640625
0 0.7685546875 0.6181640625 0.056640625 0.078125
0 0.8203125 0.7421875 0.056640625 0.0703125
0 0.82421875 0.6748046875 0.0576171875 0.08203125
0 0.95947265625 0.79052734375 0.0810546875 0.1376953125
0 0.52734375 0.23681640625 0.04296875 0.09375
0 0.43603515625 0.18603515625 0.041015625 0.095703125
1 0.27734375 0.560546875 0.013671875 0.029296875
1 0.65234375 0.384765625 0.0146484375 0.029296875