0 0.17822265625 0.8330078125 0.03759765625 0.06884765625
0 0.0166015625 0.23828125 0.03271484375 0.0556640625
0 0.04541015625 0.1845703125 0.044921875 0.06591796875
0 0.14208984375 0.2451171875 0.0517578125 0.05810546875
0 0.2509765625 0.13232421875 0.03759765625 0.04638671875
0 0.29296875 0.1533203125 0.0458984375 0.06591796875
0 0.33740234375 0.18408203125 0.02392578125 0.08837890625
0 0.26171875 0.34423828125 0.0498046875 0.06591796875
0 0.353515625 0.3427734375 0.03955078125 0.05126953125
0 0.43798828125 0.37353515625 0.048828125 0.05126953125
0 0.41650390625 0.416015625 0.04833984375 0.06787109375
0 0.52294921875 0.08251953125 0.0224609375 0.1005859375
0 0.6171875 0.16357421875 0.0546875 0.04931640625
0 0.52197265625 0.486328125 0.03759765625 0.0791015625
0 0.64208984375 0.5009765625 0.041015625 0.07763671875
0 0.70068359375 0.4130859375 0.044921875 0.06201171875
0 0.7548828125 0.3544921875 0.048828125 0.07373046875
0 0.79345703125 0.2255859375 0.0498046875 0.06591796875
0 0.80419921875 0.29248046875 0.05029296875 0.0771484375
0 0.9423828125 0.1611328125 0.10009765625 0.1279296875
0 0.970703125 0.0390625 0.0439453125 0.07080078125
0 0.5546875 0.7587890625 0.0341796875 0.09033203125
0 0.46923828125 0.81884765625 0.03125 0.09326171875
1 0.27197265625 0.462890625 0.01123046875 0.02783203125
1 0.66357421875 0.5986328125 0.01220703125 0.02783203125