0 0.00732421875 0.5791015625 0.0146484375 0.01953125
0 0.16748046875 0.60546875 0.03125 0.0224609375
0 0.1201171875 0.54443359375 0.0146484375 0.009765625
0 0.20458984375 0.5556640625 0.02880859375 0.01953125
0 0.2451171875 0.55810546875 0.0234375 0.01953125
0 0.2001953125 0.5263671875 0.0302734375 0.01806640625
0 0.28125 0.61328125 0.0283203125 0.02099609375
0 0.3359375 0.6181640625 0.02880859375 0.02099609375
0 0.3359375 0.5888671875 0.02734375 0.02099609375
0 0.3291015625 0.560546875 0.0283203125 0.01806640625
0 0.2900390625 0.55615234375 0.02880859375 0.01953125
0 0.3271484375 0.50537109375 0.0283203125 0.02099609375
0 0.45361328125 0.0810546875 0.0107421875 0.0498046875
0 0.47216796875 0.0625 0.0107421875 0.0390625
0 0.53173828125 0.1337890625 0.0126953125 0.05712890625
0 0.4697265625 0.177734375 0.01318359375 0.048828125
0 0.4541015625 0.20849609375 0.0107421875 0.04736328125
0 0.50390625 0.23828125 0.01318359375 0.0498046875
0 0.4775390625 0.30908203125 0.01318359375 0.05126953125
0 0.45263671875 0.3515625 0.0087890625 0.0400390625
0 0.55908203125 0.3369140625 0.01171875 0.04736328125
0 0.5419921875 0.36865234375 0.01171875 0.048828125
0 0.4716796875 0.41064453125 0.01171875 0.05126953125
0 0.5751953125 0.44775390625 0.01416015625 0.0498046875
0 0.55859375 0.5654296875 0.01318359375 0.052734375
0 0.53955078125 0.57080078125 0.01318359375 0.048828125
0 0.45068359375 0.75 0.01171875 0.05126953125
0 0.4716796875 0.74462890625 0.01318359375 0.0556640625
0 0.5576171875 0.685546875 0.0107421875 0.03759765625
0 0.5810546875 0.7109375 0.01171875 0.052734375
0 0.5244140625 0.7841796875 0.0126953125 0.05126953125
0 0.5419921875 0.8203125 0.0107421875 0.048828125
0 0.56103515625 0.8515625 0.01171875 0.05126953125
0 0.50439453125 0.79638671875 0.0126953125 0.04443359375
0 0.50439453125 0.86376953125 0.01171875 0.0400390625
0 0.5224609375 0.8525390625 0.01171875 0.0498046875
0 0.4599609375 0.98876953125 0.01171875 0.0224609375
0 0.50390625 0.9326171875 0.01025390625 0.0458984375
0 0.541015625 0.9560546875 0.0107421875 0.0390625
0 0.7685546875 0.48193359375 0.02734375 0.02099609375
0 0.6796875 0.42431640625 0.02880859375 0.0234375
0 0.6845703125 0.4501953125 0.02880859375 0.01806640625
0 0.6728515625 0.47998046875 0.02880859375 0.02099609375
0 0.7265625 0.4814453125 0.0244140625 0.01953125
0 0.73388671875 0.5087890625 0.0302734375 0.0224609375
0 0.689453125 0.5087890625 0.02880859375 0.0234375
0 0.111328125 0.66455078125 0.0126953125 0.01123046875
0 0.775390625 0.14306640625 0.01416015625 0.05712890625
0 0.77685546875 0.0791015625 0.01171875 0.052734375
0 0.79931640625 0.14306640625 0.0126953125 0.052734375
0 0.8134765625 0.1484375 0.01416015625 0.04443359375
0 0.826171875 0.1435546875 0.0166015625 0.0458984375
0 0.85009765625 0.14453125 0.01806640625 0.052734375
0 0.8740234375 0.14599609375 0.01806640625 0.052734375
0 0.91357421875 0.06689453125 0.015625 0.0390625