0 0.04443359375 0.7041015625 0.01953125 0.0224609375
0 0.2060546875 0.68798828125 0.0361328125 0.029296875
0 0.14453125 0.64111328125 0.0166015625 0.013671875
0 0.22900390625 0.63037109375 0.033203125 0.0263671875
0 0.26904296875 0.6220703125 0.02734375 0.025390625
0 0.21728515625 0.60302734375 0.0341796875 0.025390625
0 0.31787109375 0.666015625 0.033203125 0.02734375
0 0.3720703125 0.65673828125 0.033203125 0.02734375
0 0.36474609375 0.62841796875 0.0322265625 0.02734375
0 0.3505859375 0.6025390625 0.0322265625 0.0244140625
0 0.3115234375 0.6083984375 0.033203125 0.0263671875
0 0.33447265625 0.5498046875 0.033203125 0.02734375
0 0.3466796875 0.107421875 0.0234375 0.05078125
0 0.35986328125 0.08447265625 0.0205078125 0.0400390625
0 0.43603515625 0.13818359375 0.02734375 0.05859375
0 0.38720703125 0.19677734375 0.025390625 0.05078125
0 0.38037109375 0.23046875 0.0224609375 0.048828125
0 0.43603515625 0.24609375 0.025390625 0.0517578125
0 0.4287109375 0.3212890625 0.0263671875 0.052734375
0 0.416015625 0.36865234375 0.0185546875 0.041015625
0 0.5146484375 0.3271484375 0.0234375 0.048828125
0 0.50634765625 0.3623046875 0.0244140625 0.0498046875
0 0.44970703125 0.4208984375 0.0244140625 0.052734375
0 0.55908203125 0.43017578125 0.0263671875 0.0517578125
0 0.57373046875 0.5478515625 0.0263671875 0.0546875
0 0.556640625 0.55810546875 0.025390625 0.05078125
0 0.51708984375 0.75439453125 0.0244140625 0.052734375
0 0.5361328125 0.74365234375 0.02734375 0.0576171875
0 0.603515625 0.66455078125 0.0205078125 0.0390625
0 0.6328125 0.6826171875 0.025390625 0.0537109375
0 0.59716796875 0.76806640625 0.025390625 0.052734375
0 0.62353515625 0.79833984375 0.0234375 0.0498046875
0 0.64990234375 0.82373046875 0.0244140625 0.052734375
0 0.5810546875 0.78515625 0.0234375 0.0458984375
0 0.5986328125 0.85009765625 0.021484375 0.0419921875
0 0.61279296875 0.83447265625 0.0244140625 0.05078125
0 0.587890625 0.982421875 0.017578125 0.0244140625
0 0.61572265625 0.9169921875 0.021484375 0.046875
0 0.65771484375 0.9296875 0.0205078125 0.0400390625
0 0.7548828125 0.4130859375 0.0322265625 0.02734375
0 0.65380859375 0.38037109375 0.0341796875 0.0302734375
0 0.66552734375 0.404296875 0.0322265625 0.025390625
0 0.66162109375 0.43603515625 0.033203125 0.02734375
0 0.7138671875 0.42333984375 0.0283203125 0.025390625
0 0.72802734375 0.44775390625 0.03515625 0.029296875
0 0.68505859375 0.45947265625 0.0341796875 0.0302734375
0 0.1669921875 0.759765625 0.015625 0.013671875
0 0.673828125 0.083984375 0.0283203125 0.05859375
0 0.658203125 0.0244140625 0.025390625 0.048828125
0 0.69677734375 0.07763671875 0.0263671875 0.0546875
0 0.7119140625 0.0791015625 0.025390625 0.046875
0 0.72265625 0.0712890625 0.0283203125 0.048828125
0 0.74609375 0.06591796875 0.03125 0.0556640625
0 0.76953125 0.06103515625 0.03125 0.0556640625