0 0.9912109375 0.412109375 0.0146484375 0.01953125
0 0.83056640625 0.388671875 0.03125 0.0234375
0 0.87890625 0.44873046875 0.0146484375 0.009765625
0 0.79443359375 0.43896484375 0.029296875 0.0205078125
0 0.75390625 0.4375 0.0234375 0.01953125
0 0.79931640625 0.46826171875 0.0302734375 0.0185546875
0 0.716796875 0.3828125 0.0283203125 0.021484375
0 0.662109375 0.37890625 0.029296875 0.021484375
0 0.66259765625 0.408203125 0.02734375 0.021484375
0 0.669921875 0.4365234375 0.0283203125 0.0185546875
0 0.708984375 0.4404296875 0.029296875 0.0205078125
0 0.6728515625 0.49169921875 0.0283203125 0.021484375
0 0.5537109375 0.91796875 0.01171875 0.0498046875
0 0.53564453125 0.93701171875 0.01171875 0.0390625
0 0.474609375 0.86669921875 0.013671875 0.0576171875
0 0.5361328125 0.82177734375 0.013671875 0.048828125
0 0.55078125 0.79052734375 0.01171875 0.0478515625
0 0.50048828125 0.76171875 0.013671875 0.0498046875
0 0.52587890625 0.6904296875 0.013671875 0.0517578125
0 0.5498046875 0.6474609375 0.009765625 0.0400390625
0 0.44384765625 0.6640625 0.0126953125 0.0478515625
0 0.46044921875 0.6318359375 0.0126953125 0.048828125
0 0.52978515625 0.5888671875 0.0126953125 0.0517578125
0 0.42578125 0.5537109375 0.0146484375 0.0498046875
0 0.4404296875 0.435546875 0.013671875 0.052734375
0 0.458984375 0.4296875 0.013671875 0.048828125
0 0.544921875 0.2490234375 0.0126953125 0.0517578125
0 0.52392578125 0.2548828125 0.013671875 0.0556640625
0 0.43896484375 0.3154296875 0.01171875 0.0380859375
0 0.4150390625 0.29052734375 0.0126953125 0.052734375
0 0.470703125 0.21630859375 0.013671875 0.0517578125
0 0.45263671875 0.1806640625 0.01171875 0.048828125
0 0.4326171875 0.1494140625 0.0126953125 0.0517578125
0 0.490234375 0.20361328125 0.013671875 0.044921875
0 0.4892578125 0.13623046875 0.0126953125 0.0400390625
0 0.47119140625 0.14794921875 0.0126953125 0.0498046875
0 0.53125 0.0107421875 0.01171875 0.021484375
0 0.48876953125 0.0673828125 0.0107421875 0.0458984375
0 0.451171875 0.044921875 0.01171875 0.0390625
0 0.23193359375 0.52294921875 0.02734375 0.021484375
0 0.32177734375 0.57861328125 0.029296875 0.0244140625
0 0.31640625 0.55322265625 0.029296875 0.0185546875
0 0.32763671875 0.52294921875 0.029296875 0.021484375
0 0.27392578125 0.5224609375 0.0244140625 0.01953125
0 0.26611328125 0.4951171875 0.0302734375 0.0234375
0 0.310546875 0.49462890625 0.029296875 0.0244140625
0 0.8857421875 0.32861328125 0.0126953125 0.01171875
0 0.23095703125 0.86181640625 0.015625 0.0576171875
0 0.23046875 0.92578125 0.0126953125 0.052734375
0 0.20703125 0.8623046875 0.013671875 0.052734375
0 0.19287109375 0.85693359375 0.0146484375 0.044921875
0 0.18017578125 0.8623046875 0.017578125 0.0458984375
0 0.15625 0.861328125 0.0185546875 0.052734375
0 0.13232421875 0.8603515625 0.0185546875 0.052734375
0 0.09423828125 0.9404296875 0.0166015625 0.0390625