0 0.15771484375 0.54638671875 0.03662109375 0.03076171875
0 0.2021484375 0.6123046875 0.0380859375 0.033203125
0 0.2021484375 0.5478515625 0.0283203125 0.0263671875
0 0.2197265625 0.51318359375 0.02880859375 0.029296875
0 0.2548828125 0.548828125 0.0341796875 0.02490234375
0 0.2978515625 0.48828125 0.0361328125 0.02490234375
0 0.30029296875 0.5166015625 0.0361328125 0.0263671875
0 0.29833984375 0.55078125 0.03515625 0.02490234375
0 0.265625 0.5810546875 0.03759765625 0.029296875
0 0.3095703125 0.58349609375 0.03515625 0.03076171875
0 0.30810546875 0.61865234375 0.03515625 0.0224609375
0 0.2548828125 0.61376953125 0.0361328125 0.02099609375
0 0.46630859375 0.14794921875 0.0166015625 0.06103515625
0 0.50537109375 0.17919921875 0.01708984375 0.06396484375
0 0.55126953125 0.07861328125 0.01025390625 0.03173828125
0 0.56689453125 0.2529296875 0.0146484375 0.0625
0 0.4453125 0.41796875 0.015625 0.0625
0 0.46875 0.43115234375 0.0146484375 0.05810546875
0 0.4453125 0.65576171875 0.01318359375 0.0498046875
0 0.54833984375 0.603515625 0.015625 0.0595703125
0 0.56689453125 0.7431640625 0.01806640625 0.05810546875
0 0.5283203125 0.8173828125 0.0166015625 0.05810546875
0 0.52587890625 0.89794921875 0.0166015625 0.06103515625
0 0.50537109375 0.830078125 0.01806640625 0.0556640625
0 0.4794921875 0.80419921875 0.0166015625 0.0625
0 0.4443359375 0.814453125 0.0146484375 0.05810546875
0 0.46337890625 0.92431640625 0.0166015625 0.0556640625
0 0.50341796875 0.97900390625 0.015625 0.04150390625
0 0.68310546875 0.59033203125 0.0341796875 0.03466796875
0 0.703125 0.4638671875 0.03759765625 0.029296875
0 0.72265625 0.49560546875 0.03369140625 0.029296875
0 0.7685546875 0.4970703125 0.0361328125 0.03076171875
0 0.76171875 0.46826171875 0.02978515625 0.02099609375
0 0.7158203125 0.42724609375 0.03271484375 0.029296875
0 0.7109375 0.3984375 0.03369140625 0.02099609375
0 0.8154296875 0.46533203125 0.03369140625 0.029296875
0 0.92138671875 0.435546875 0.03759765625 0.02783203125
0 0.8232421875 0.0693359375 0.015625 0.0595703125
0 0.826171875 0.01318359375 0.01708984375 0.0263671875
0 0.85302734375 0.0703125 0.01416015625 0.0595703125
0 0.86865234375 0.0771484375 0.01416015625 0.04443359375
0 0.90966796875 0.07275390625 0.015625 0.0556640625
0 0.93994140625 0.07373046875 0.01806640625 0.05810546875
0 0.50341796875 0.908203125 0.01416015625 0.0498046875