0 0.1767578125 0.3779296875 0.04296875 0.0380859375
0 0.23486328125 0.32373046875 0.044921875 0.041015625
0 0.220703125 0.38623046875 0.033203125 0.0322265625
0 0.22998046875 0.42431640625 0.0341796875 0.03515625
0 0.27197265625 0.3974609375 0.0390625 0.0322265625
0 0.30029296875 0.4658203125 0.041015625 0.0322265625
0 0.30908203125 0.43896484375 0.041015625 0.0341796875
0 0.31494140625 0.4052734375 0.0400390625 0.0322265625
0 0.2900390625 0.3681640625 0.04296875 0.037109375
0 0.3330078125 0.3759765625 0.041015625 0.0380859375
0 0.33984375 0.34130859375 0.0390625 0.0302734375
0 0.28662109375 0.333984375 0.0400390625 0.0283203125
0 0.38818359375 0.83544921875 0.0302734375 0.0634765625
0 0.43310546875 0.81396484375 0.03125 0.06640625
0 0.455078125 0.92236328125 0.017578125 0.033203125
0 0.509765625 0.755859375 0.0283203125 0.064453125
0 0.42822265625 0.5673828125 0.029296875 0.064453125
0 0.4541015625 0.56005859375 0.02734375 0.0595703125
0 0.48193359375 0.3359375 0.0244140625 0.0517578125
0 0.5703125 0.41015625 0.0283203125 0.0615234375
0 0.6201171875 0.2783203125 0.0302734375 0.060546875
0 0.59912109375 0.197265625 0.029296875 0.060546875
0 0.61474609375 0.1181640625 0.0302734375 0.0634765625
0 0.57958984375 0.1796875 0.0302734375 0.05859375
0 0.54833984375 0.19921875 0.0302734375 0.064453125
0 0.5166015625 0.18115234375 0.02734375 0.0595703125
0 0.5595703125 0.078125 0.0283203125 0.0576171875
0 0.61083984375 0.0341796875 0.0244140625 0.0439453125
0 0.69873046875 0.453125 0.041015625 0.041015625
0 0.68994140625 0.5810546875 0.04296875 0.037109375
0 0.7158203125 0.55419921875 0.0390625 0.0361328125
0 0.76123046875 0.5634765625 0.0419921875 0.0380859375
0 0.748046875 0.58984375 0.0341796875 0.02734375
0 0.69384765625 0.61962890625 0.0380859375 0.0361328125
0 0.6826171875 0.646484375 0.037109375 0.0283203125
0 0.79931640625 0.6044921875 0.0390625 0.0361328125
0 0.89599609375 0.65771484375 0.04296875 0.03515625
0 0.71826171875 0.98046875 0.0283203125 0.0390625
0 0.7470703125 0.9833984375 0.02734375 0.033203125
0 0.763671875 0.98583984375 0.0234375 0.0283203125
0 0.802734375 0.98974609375 0.02734375 0.0205078125
0 0.83251953125 0.99169921875 0.0302734375 0.0166015625
0 0.59521484375 0.10302734375 0.025390625 0.0517578125