0 0.8310546875 0.40087890625 0.041015625 0.0361328125
0 0.77685546875 0.34228515625 0.04296875 0.0390625
0 0.78662109375 0.40625 0.0322265625 0.0302734375
0 0.77490234375 0.443359375 0.033203125 0.033203125
0 0.734375 0.41357421875 0.0380859375 0.0302734375
0 0.70166015625 0.47998046875 0.0400390625 0.0302734375
0 0.69482421875 0.4521484375 0.0400390625 0.03125
0 0.69140625 0.41845703125 0.0390625 0.0302734375
0 0.71875 0.38330078125 0.0419921875 0.03515625
0 0.6748046875 0.3876953125 0.0390625 0.0361328125
0 0.6708984375 0.35302734375 0.0380859375 0.02734375
0 0.72412109375 0.34912109375 0.0390625 0.0263671875
0 0.58837890625 0.84228515625 0.0263671875 0.0625
0 0.544921875 0.81787109375 0.02734375 0.0654296875
0 0.51513671875 0.92431640625 0.0146484375 0.033203125
0 0.47265625 0.75439453125 0.0244140625 0.064453125
0 0.56689453125 0.572265625 0.025390625 0.064453125
0 0.54150390625 0.56298828125 0.0234375 0.0595703125
0 0.52978515625 0.33740234375 0.0205078125 0.05078125
0 0.43603515625 0.4052734375 0.0244140625 0.0615234375
0 0.39599609375 0.2705078125 0.02734375 0.060546875
0 0.42236328125 0.19091796875 0.025390625 0.0595703125
0 0.412109375 0.11083984375 0.0263671875 0.0625
0 0.44287109375 0.1748046875 0.0263671875 0.0576171875
0 0.47265625 0.1962890625 0.0263671875 0.064453125
0 0.505859375 0.1806640625 0.0234375 0.0595703125
0 0.4697265625 0.0751953125 0.025390625 0.0576171875
0 0.421875 0.02734375 0.021484375 0.04296875
0 0.30517578125 0.439453125 0.0390625 0.0400390625
0 0.30517578125 0.5673828125 0.0419921875 0.03515625
0 0.28076171875 0.5390625 0.0380859375 0.0341796875
0 0.2353515625 0.544921875 0.0400390625 0.0361328125
0 0.24658203125 0.572265625 0.0322265625 0.025390625
0 0.29833984375 0.60546875 0.037109375 0.0341796875
0 0.3076171875 0.63330078125 0.0361328125 0.0263671875
0 0.19384765625 0.58349609375 0.0380859375 0.0341796875
0 0.09375 0.62939453125 0.041015625 0.033203125
0 0.24755859375 0.97265625 0.0244140625 0.0546875
0 0.21875 0.97412109375 0.0234375 0.0517578125
0 0.2021484375 0.97509765625 0.0205078125 0.0458984375
0 0.16162109375 0.978515625 0.0244140625 0.04296875
0 0.1318359375 0.9794921875 0.02734375 0.041015625
0 0.4326171875 0.09716796875 0.021484375 0.0517578125