0 0.0283203125 0.4755859375 0.041015625 0.0380859375
0 0.1484375 0.4892578125 0.0400390625 0.03125
0 0.19140625 0.498046875 0.0341796875 0.03125
0 0.18408203125 0.5625 0.037109375 0.03125
0 0.2353515625 0.4716796875 0.0322265625 0.0322265625
0 0.2470703125 0.50537109375 0.0361328125 0.03125
0 0.2509765625 0.54150390625 0.0390625 0.033203125
0 0.2978515625 0.45263671875 0.0361328125 0.0283203125
0 0.294921875 0.484375 0.0390625 0.0283203125
0 0.2900390625 0.5185546875 0.0361328125 0.029296875
0 0.29443359375 0.55224609375 0.0361328125 0.0322265625
0 0.2880859375 0.58642578125 0.0400390625 0.0322265625
0 0.23486328125 0.5732421875 0.0390625 0.0263671875
0 0.50732421875 0.24267578125 0.0234375 0.05859375
0 0.55859375 0.17626953125 0.0244140625 0.0615234375
0 0.62939453125 0.12744140625 0.0263671875 0.060546875
0 0.5546875 0.47412109375 0.0234375 0.0595703125
0 0.44189453125 0.5078125 0.02734375 0.0654296875
0 0.45654296875 0.56103515625 0.0263671875 0.064453125
0 0.546875 0.6376953125 0.02734375 0.0654296875
0 0.3984375 0.771484375 0.0205078125 0.0498046875
0 0.373046875 0.9326171875 0.0244140625 0.0615234375
0 0.45263671875 0.83251953125 0.02734375 0.0595703125
0 0.4775390625 0.82275390625 0.025390625 0.0654296875
0 0.5498046875 0.77001953125 0.021484375 0.0556640625
0 0.462890625 0.90185546875 0.0244140625 0.0595703125
0 0.439453125 0.91064453125 0.0205078125 0.0458984375
0 0.404296875 0.97265625 0.0234375 0.0380859375
0 0.42822265625 0.98046875 0.0185546875 0.0302734375
0 0.4765625 0.96728515625 0.0234375 0.0595703125
0 0.4951171875 0.9716796875 0.0234375 0.056640625
0 0.517578125 0.9560546875 0.025390625 0.0595703125
0 0.92529296875 0.12158203125 0.025390625 0.0625
0 0.896484375 0.1142578125 0.0263671875 0.0625
0 0.94140625 0.1240234375 0.021484375 0.0556640625
0 0.7294921875 0.43017578125 0.0361328125 0.029296875
0 0.72900390625 0.458984375 0.0400390625 0.0302734375
0 0.71044921875 0.49365234375 0.0361328125 0.029296875
0 0.7734375 0.50732421875 0.0341796875 0.033203125
0 0.8251953125 0.51416015625 0.0380859375 0.0302734375
0 0.880859375 0.4892578125 0.0419921875 0.0361328125
0 0.72607421875 0.529296875 0.0400390625 0.033203125
0 0.7734375 0.537109375 0.04296875 0.03515625
0 0.71484375 0.62451171875 0.037109375 0.0283203125
0 0.95556640625 0.12646484375 0.0205078125 0.05078125
0 0.98486328125 0.13037109375 0.0263671875 0.056640625