0 0.05908203125 0.669921875 0.0439453125 0.0419921875
0 0.17431640625 0.63330078125 0.0419921875 0.03515625
0 0.21728515625 0.6240234375 0.0361328125 0.033203125
0 0.23681640625 0.685546875 0.0390625 0.0341796875
0 0.2470703125 0.58154296875 0.0341796875 0.0341796875
0 0.27099609375 0.60791015625 0.0380859375 0.0341796875
0 0.28955078125 0.63916015625 0.041015625 0.0361328125
0 0.2958984375 0.5390625 0.0380859375 0.03125
0 0.30615234375 0.5693359375 0.041015625 0.0322265625
0 0.3154296875 0.6025390625 0.0380859375 0.0322265625
0 0.33349609375 0.63134765625 0.0380859375 0.03515625
0 0.341796875 0.66552734375 0.0419921875 0.03515625
0 0.28759765625 0.6748046875 0.0400390625 0.029296875
0 0.40185546875 0.26171875 0.029296875 0.05859375
0 0.421875 0.18017578125 0.0302734375 0.0615234375
0 0.46630859375 0.10693359375 0.03125 0.060546875
0 0.5390625 0.4541015625 0.029296875 0.0595703125
0 0.4501953125 0.53076171875 0.033203125 0.06640625
0 0.4853515625 0.5732421875 0.0322265625 0.064453125
0 0.5986328125 0.6064453125 0.033203125 0.06640625
0 0.51806640625 0.78955078125 0.0244140625 0.05078125
0 0.56005859375 0.94677734375 0.0302734375 0.0615234375
0 0.59228515625 0.8232421875 0.0322265625 0.0595703125
0 0.61083984375 0.8037109375 0.03125 0.0654296875
0 0.6552734375 0.7265625 0.0263671875 0.0556640625
0 0.6298828125 0.88232421875 0.0302734375 0.060546875
0 0.61181640625 0.89990234375 0.025390625 0.046875
0 0.60498046875 0.970703125 0.0263671875 0.0400390625
0 0.6298828125 0.96826171875 0.021484375 0.03125
0 0.66845703125 0.9365234375 0.0283203125 0.0595703125
0 0.6884765625 0.93505859375 0.0283203125 0.0595703125
0 0.70166015625 0.90966796875 0.03125 0.060546875
0 0.734375 0.00634765625 0.03125 0.0126953125
0 0.70458984375 0.0087890625 0.0322265625 0.017578125
0 0.68115234375 0.3427734375 0.0380859375 0.0322265625
0 0.6923828125 0.36962890625 0.0419921875 0.033203125
0 0.68994140625 0.40869140625 0.0380859375 0.0322265625
0 0.75244140625 0.3955078125 0.037109375 0.0361328125
0 0.802734375 0.380859375 0.0390625 0.033203125
0 0.84375 0.3349609375 0.044921875 0.0400390625
0 0.71875 0.43505859375 0.04296875 0.0361328125
0 0.7646484375 0.42236328125 0.044921875 0.0380859375
0 0.74658203125 0.5263671875 0.0390625 0.03125