0 0.0302734375 0.5498046875 0.03662109375 0.033203125
0 0.15087890625 0.54443359375 0.0361328125 0.0263671875
0 0.19482421875 0.54638671875 0.0302734375 0.0263671875
0 0.19775390625 0.611328125 0.03369140625 0.0263671875
0 0.234375 0.51318359375 0.0283203125 0.02783203125
0 0.2509765625 0.544921875 0.0322265625 0.0263671875
0 0.2607421875 0.580078125 0.03515625 0.02783203125
0 0.29296875 0.48486328125 0.03271484375 0.0234375
0 0.294921875 0.5166015625 0.0361328125 0.0234375
0 0.29541015625 0.55126953125 0.03271484375 0.02490234375
0 0.30517578125 0.583984375 0.0322265625 0.02783203125
0 0.30419921875 0.61865234375 0.03662109375 0.0263671875
0 0.24951171875 0.61376953125 0.0361328125 0.02099609375
0 0.466796875 0.24462890625 0.0146484375 0.05712890625
0 0.50732421875 0.1708984375 0.015625 0.0595703125
0 0.5693359375 0.11181640625 0.01708984375 0.05810546875
0 0.5498046875 0.4658203125 0.0146484375 0.05810546875
0 0.44384765625 0.5166015625 0.01708984375 0.06396484375
0 0.466796875 0.56689453125 0.01708984375 0.0625
0 0.56787109375 0.62841796875 0.01708984375 0.06396484375
0 0.4423828125 0.7841796875 0.0126953125 0.048828125
0 0.4423828125 0.947265625 0.015625 0.0595703125
0 0.50537109375 0.8359375 0.0185546875 0.05712890625
0 0.5283203125 0.822265625 0.015625 0.06396484375
0 0.59130859375 0.7587890625 0.0126953125 0.05419921875
0 0.5263671875 0.90283203125 0.015625 0.05810546875
0 0.50439453125 0.9150390625 0.01416015625 0.04443359375
0 0.4794921875 0.98193359375 0.01806640625 0.0361328125
0 0.50439453125 0.98583984375 0.0146484375 0.0283203125
0 0.5498046875 0.96533203125 0.01416015625 0.05810546875
0 0.5693359375 0.96875 0.01416015625 0.05810546875
0 0.5888671875 0.94775390625 0.0166015625 0.05810546875
0 0.86083984375 0.0595703125 0.015625 0.06103515625
0 0.8310546875 0.05712890625 0.0166015625 0.06103515625
0 0.876953125 0.0595703125 0.01318359375 0.05419921875
0 0.7158203125 0.39501953125 0.03271484375 0.02490234375
0 0.7197265625 0.423828125 0.03662109375 0.02490234375
0 0.70703125 0.4609375 0.03271484375 0.02490234375
0 0.77099609375 0.46435546875 0.0302734375 0.029296875
0 0.8232421875 0.46337890625 0.0341796875 0.02490234375
0 0.87451171875 0.4296875 0.0380859375 0.03076171875
0 0.72802734375 0.49365234375 0.03662109375 0.02783203125
0 0.77587890625 0.49365234375 0.0390625 0.029296875
0 0.7314453125 0.58935546875 0.03369140625 0.0234375
0 0.8916015625 0.0595703125 0.01318359375 0.0498046875
0 0.9208984375 0.05908203125 0.0185546875 0.05419921875
0 0.9521484375 0.0595703125 0.0166015625 0.06103515625