0 0.0673828125 0.56201171875 0.04052734375 0.03466796875
0 0.14453125 0.54296875 0.03662109375 0.02490234375
0 0.1884765625 0.5458984375 0.0283203125 0.0263671875
0 0.1923828125 0.6123046875 0.0361328125 0.03173828125
0 0.23779296875 0.5126953125 0.0302734375 0.029296875
0 0.24462890625 0.544921875 0.03271484375 0.03076171875
0 0.25439453125 0.58203125 0.03662109375 0.029296875
0 0.28955078125 0.482421875 0.03662109375 0.02490234375
0 0.29052734375 0.513671875 0.03759765625 0.0263671875
0 0.291015625 0.54931640625 0.0361328125 0.0263671875
0 0.30078125 0.58349609375 0.0322265625 0.03076171875
0 0.30078125 0.61962890625 0.0380859375 0.02783203125
0 0.2421875 0.615234375 0.03759765625 0.0263671875
0 0.46630859375 0.01123046875 0.01708984375 0.0224609375
0 0.5068359375 0.1591796875 0.01708984375 0.06396484375
0 0.55322265625 0.31201171875 0.01416015625 0.06103515625
0 0.46533203125 0.3583984375 0.0146484375 0.05810546875
0 0.57080078125 0.501953125 0.0166015625 0.06689453125
0 0.4404296875 0.62841796875 0.015625 0.06689453125
0 0.4638671875 0.7255859375 0.01708984375 0.0654296875
0 0.59814453125 0.7119140625 0.0185546875 0.0625
0 0.50537109375 0.84228515625 0.01708984375 0.05810546875
0 0.529296875 0.830078125 0.015625 0.0654296875
0 0.55322265625 0.861328125 0.0146484375 0.0556640625
0 0.57177734375 0.8662109375 0.01318359375 0.0556640625
0 0.5927734375 0.87060546875 0.01806640625 0.05810546875
0 0.52685546875 0.91064453125 0.0146484375 0.06103515625
0 0.50537109375 0.9228515625 0.0146484375 0.048828125
0 0.44091796875 0.92138671875 0.01416015625 0.05126953125
0 0.5029296875 0.9892578125 0.015625 0.021484375
0 0.83935546875 0.0439453125 0.01708984375 0.06103515625
0 0.8681640625 0.04931640625 0.01708984375 0.06103515625
0 0.88623046875 0.05126953125 0.01318359375 0.05810546875
0 0.93115234375 0.0498046875 0.01708984375 0.0625
0 0.9619140625 0.05078125 0.02099609375 0.0595703125
0 0.90087890625 0.052734375 0.01318359375 0.0498046875
0 0.83544921875 0.42431640625 0.0390625 0.02783203125
0 0.8291015625 0.4599609375 0.03515625 0.0224609375
0 0.77734375 0.46240234375 0.0302734375 0.02099609375
0 0.7216796875 0.38818359375 0.03369140625 0.03076171875
0 0.7275390625 0.4208984375 0.03515625 0.0263671875
0 0.712890625 0.45849609375 0.0361328125 0.02490234375
0 0.73388671875 0.4921875 0.0341796875 0.02783203125
0 0.7822265625 0.4921875 0.03759765625 0.02783203125
0 0.79052734375 0.59326171875 0.0361328125 0.02783203125