0 0.9365234375 0.521484375 0.046875 0.0419921875
0 0.85693359375 0.52587890625 0.041015625 0.03125
0 0.814453125 0.51416015625 0.033203125 0.03125
0 0.8232421875 0.4482421875 0.0419921875 0.0380859375
0 0.759765625 0.53759765625 0.03515625 0.0341796875
0 0.75927734375 0.50439453125 0.0380859375 0.0361328125
0 0.7568359375 0.46630859375 0.0419921875 0.0361328125
0 0.703125 0.5576171875 0.041015625 0.03125
0 0.7080078125 0.5263671875 0.0419921875 0.033203125
0 0.71435546875 0.49169921875 0.0400390625 0.033203125
0 0.71142578125 0.4560546875 0.037109375 0.0361328125
0 0.71826171875 0.42041015625 0.04296875 0.0341796875
0 0.77490234375 0.43603515625 0.0419921875 0.033203125
0 0.43994140625 0.986328125 0.021484375 0.025390625
0 0.42822265625 0.83349609375 0.029296875 0.06640625
0 0.412109375 0.67431640625 0.025390625 0.0625
0 0.5068359375 0.6455078125 0.025390625 0.0595703125
0 0.4306640625 0.484375 0.029296875 0.068359375
0 0.5830078125 0.38525390625 0.0283203125 0.068359375
0 0.57861328125 0.28564453125 0.029296875 0.0673828125
0 0.4443359375 0.2734375 0.0302734375 0.064453125
0 0.56005859375 0.1630859375 0.0283203125 0.060546875
0 0.5341796875 0.17041015625 0.02734375 0.0673828125
0 0.5166015625 0.13525390625 0.025390625 0.0576171875
0 0.49951171875 0.126953125 0.0234375 0.0576171875
0 0.4794921875 0.11865234375 0.029296875 0.060546875
0 0.5517578125 0.091796875 0.0263671875 0.0625
0 0.5751953125 0.083984375 0.0234375 0.05078125
0 0.63818359375 0.09765625 0.0234375 0.052734375
0 0.59033203125 0.01904296875 0.01953125 0.0244140625
0 0.080078125 0.8828125 0.0283203125 0.0634765625
0 0.052734375 0.8720703125 0.0283203125 0.0634765625
0 0.03515625 0.86669921875 0.0244140625 0.0595703125
0 0.02099609375 0.86279296875 0.0224609375 0.0517578125
0 0.15625 0.51025390625 0.0439453125 0.03515625
0 0.16943359375 0.4765625 0.0390625 0.0283203125
0 0.220703125 0.48388671875 0.0341796875 0.0263671875
0 0.26123046875 0.5673828125 0.0390625 0.037109375
0 0.26171875 0.5341796875 0.0390625 0.0322265625
0 0.283203125 0.5 0.0400390625 0.03125
0 0.26904296875 0.462890625 0.0390625 0.0341796875
0 0.2216796875 0.45361328125 0.0419921875 0.0341796875
0 0.232421875 0.35302734375 0.041015625 0.0341796875