0 0.0849609375 0.63623046875 0.0458984375 0.041015625
0 0.1572265625 0.60400390625 0.0400390625 0.03125
0 0.201171875 0.59912109375 0.0322265625 0.03125
0 0.216796875 0.6640625 0.041015625 0.037109375
0 0.244140625 0.55810546875 0.03515625 0.0341796875
0 0.25634765625 0.58837890625 0.037109375 0.0361328125
0 0.2724609375 0.62353515625 0.041015625 0.03515625
0 0.28955078125 0.51904296875 0.0400390625 0.03125
0 0.2958984375 0.5498046875 0.0419921875 0.0322265625
0 0.302734375 0.5849609375 0.0400390625 0.0322265625
0 0.318359375 0.61669921875 0.037109375 0.0361328125
0 0.32470703125 0.65234375 0.0419921875 0.0341796875
0 0.26611328125 0.658203125 0.0419921875 0.0322265625
0 0.3818359375 0.0244140625 0.0205078125 0.025390625
0 0.44775390625 0.1630859375 0.0283203125 0.06640625
0 0.51953125 0.3056640625 0.0244140625 0.0625
0 0.44140625 0.36669921875 0.0244140625 0.0595703125
0 0.56982421875 0.48974609375 0.0283203125 0.068359375
0 0.4638671875 0.63671875 0.02734375 0.068359375
0 0.50341796875 0.728515625 0.0283203125 0.0673828125
0 0.63330078125 0.69189453125 0.029296875 0.064453125
0 0.56494140625 0.8359375 0.02734375 0.060546875
0 0.5859375 0.81982421875 0.0263671875 0.0673828125
0 0.615234375 0.8466796875 0.0244140625 0.0576171875
0 0.63427734375 0.84814453125 0.0224609375 0.056640625
0 0.65576171875 0.8486328125 0.0283203125 0.060546875
0 0.59765625 0.89990234375 0.025390625 0.0625
0 0.57861328125 0.91552734375 0.0224609375 0.05078125
0 0.51513671875 0.92529296875 0.0224609375 0.052734375
0 0.587890625 0.9814453125 0.01953125 0.0234375
0 0.7548828125 0.01171875 0.02734375 0.0234375
0 0.7841796875 0.01171875 0.02734375 0.0234375
0 0.8017578125 0.01025390625 0.0234375 0.0205078125
0 0.845703125 0.0068359375 0.02734375 0.013671875
0 0.81640625 0.0078125 0.021484375 0.015625
0 0.8173828125 0.3671875 0.04296875 0.0341796875
0 0.8173828125 0.4033203125 0.0380859375 0.0283203125
0 0.7666015625 0.4150390625 0.033203125 0.0263671875
0 0.69873046875 0.3515625 0.0380859375 0.0361328125
0 0.71044921875 0.3828125 0.0390625 0.0322265625
0 0.70263671875 0.42236328125 0.0400390625 0.03125
0 0.72900390625 0.45166015625 0.0380859375 0.033203125
0 0.7763671875 0.443359375 0.0419921875 0.0341796875
0 0.80224609375 0.54150390625 0.0400390625 0.033203125