0 0.88818359375 0.61962890625 0.0419921875 0.0419921875
0 0.85595703125 0.5888671875 0.0390625 0.029296875
0 0.81005859375 0.58349609375 0.0341796875 0.03125
0 0.798828125 0.6494140625 0.0419921875 0.037109375
0 0.759765625 0.5439453125 0.033203125 0.0380859375
0 0.716796875 0.50537109375 0.0361328125 0.029296875
0 0.7119140625 0.53857421875 0.0439453125 0.03515625
0 0.70751953125 0.57470703125 0.041015625 0.0322265625
0 0.75537109375 0.5732421875 0.0390625 0.02734375
0 0.7392578125 0.61181640625 0.04296875 0.0419921875
0 0.69091796875 0.607421875 0.0380859375 0.0380859375
0 0.68896484375 0.6455078125 0.0419921875 0.029296875
0 0.74462890625 0.64453125 0.0439453125 0.029296875
0 0.52880859375 0.76806640625 0.021484375 0.0654296875
0 0.48681640625 0.9033203125 0.0263671875 0.068359375
0 0.4521484375 0.8466796875 0.0224609375 0.05859375
0 0.41650390625 0.740234375 0.021484375 0.0595703125
0 0.4287109375 0.8291015625 0.02734375 0.0693359375
0 0.39599609375 0.7421875 0.021484375 0.060546875
0 0.41943359375 0.916015625 0.0244140625 0.068359375
0 0.4423828125 0.92919921875 0.021484375 0.05078125
0 0.39013671875 0.97216796875 0.01953125 0.0380859375
0 0.373046875 0.66650390625 0.0263671875 0.056640625
0 0.537109375 0.49169921875 0.0224609375 0.060546875
0 0.44384765625 0.35205078125 0.0244140625 0.0654296875
0 0.486328125 0.13818359375 0.0224609375 0.0625
0 0.5341796875 0.14990234375 0.025390625 0.0673828125
0 0.5673828125 0.03125 0.0234375 0.0546875
0 0.5810546875 0.12353515625 0.0234375 0.06640625
0 0.2099609375 0.0126953125 0.025390625 0.025390625
0 0.18017578125 0.01171875 0.0224609375 0.0234375
0 0.1640625 0.0107421875 0.025390625 0.021484375
0 0.1474609375 0.0107421875 0.0234375 0.021484375
0 0.11669921875 0.0087890625 0.0224609375 0.017578125
0 0.0849609375 0.00927734375 0.02734375 0.0185546875
0 0.2880859375 0.35791015625 0.0400390625 0.0390625
0 0.279296875 0.3896484375 0.041015625 0.0322265625
0 0.2880859375 0.4287109375 0.0400390625 0.02734375
0 0.263671875 0.4609375 0.0439453125 0.03515625
0 0.20361328125 0.38427734375 0.044921875 0.0341796875
0 0.22314453125 0.42578125 0.033203125 0.03125
0 0.16845703125 0.4189453125 0.0380859375 0.0302734375
0 0.21337890625 0.45654296875 0.0439453125 0.03515625
0 0.1318359375 0.548828125 0.041015625 0.0322265625