0 0.1015625 0.578125 0.0380859375 0.0380859375
0 0.13671875 0.55126953125 0.037109375 0.025390625
0 0.18310546875 0.55029296875 0.03125 0.0283203125
0 0.18701171875 0.6171875 0.0390625 0.0341796875
0 0.2373046875 0.51611328125 0.029296875 0.03515625
0 0.28369140625 0.48291015625 0.0341796875 0.025390625
0 0.28564453125 0.5166015625 0.041015625 0.03125
0 0.2861328125 0.552734375 0.0380859375 0.0283203125
0 0.23876953125 0.5458984375 0.037109375 0.0244140625
0 0.25048828125 0.58642578125 0.0400390625 0.0380859375
0 0.298828125 0.5869140625 0.0341796875 0.03515625
0 0.296875 0.625 0.0390625 0.025390625
0 0.24169921875 0.6181640625 0.0419921875 0.025390625
0 0.443359375 0.763671875 0.015625 0.064453125
0 0.470703125 0.90234375 0.01953125 0.0673828125
0 0.51171875 0.85009765625 0.0166015625 0.0576171875
0 0.55810546875 0.74755859375 0.015625 0.05859375
0 0.53662109375 0.8349609375 0.0205078125 0.068359375
0 0.578125 0.75146484375 0.015625 0.0595703125
0 0.53662109375 0.92236328125 0.017578125 0.0673828125
0 0.51220703125 0.93310546875 0.0166015625 0.048828125
0 0.5595703125 0.98095703125 0.0166015625 0.0361328125
0 0.60888671875 0.6787109375 0.0205078125 0.0546875
0 0.46435546875 0.48779296875 0.0166015625 0.0595703125
0 0.5712890625 0.3583984375 0.0185546875 0.064453125
0 0.55126953125 0.1416015625 0.015625 0.0615234375
0 0.50244140625 0.1484375 0.0185546875 0.0654296875
0 0.48193359375 0.0263671875 0.017578125 0.052734375
0 0.45849609375 0.11669921875 0.0166015625 0.0654296875
0 0.84130859375 0.02880859375 0.0185546875 0.0576171875
0 0.87109375 0.02978515625 0.015625 0.0595703125
0 0.88671875 0.029296875 0.01953125 0.05859375
0 0.90380859375 0.0302734375 0.0166015625 0.060546875
0 0.9345703125 0.02978515625 0.015625 0.0595703125
0 0.96630859375 0.03173828125 0.0205078125 0.0634765625
0 0.7255859375 0.380859375 0.037109375 0.03515625
0 0.73095703125 0.41357421875 0.0380859375 0.0283203125
0 0.71826171875 0.451171875 0.0380859375 0.0234375
0 0.7392578125 0.48583984375 0.041015625 0.03125
0 0.806640625 0.416015625 0.04296875 0.0302734375
0 0.78271484375 0.455078125 0.0302734375 0.0283203125
0 0.837890625 0.4541015625 0.03515625 0.02734375
0 0.78955078125 0.48681640625 0.041015625 0.03125
0 0.86083984375 0.5869140625 0.0380859375 0.0283203125