0 0.10009765625 0.5712890625 0.03759765625 0.03759765625
0 0.1357421875 0.544921875 0.03662109375 0.02490234375
0 0.18212890625 0.544921875 0.03125 0.02783203125
0 0.18505859375 0.61181640625 0.0380859375 0.033203125
0 0.23681640625 0.51171875 0.02880859375 0.03466796875
0 0.2841796875 0.47900390625 0.03369140625 0.02490234375
0 0.28515625 0.5126953125 0.0400390625 0.03076171875
0 0.28515625 0.548828125 0.0380859375 0.02783203125
0 0.23779296875 0.54150390625 0.03662109375 0.0234375
0 0.2490234375 0.58203125 0.0390625 0.03759765625
0 0.29736328125 0.58349609375 0.03369140625 0.03466796875
0 0.294921875 0.62158203125 0.0390625 0.02490234375
0 0.23974609375 0.61376953125 0.04150390625 0.02490234375
0 0.43896484375 0.7626953125 0.01416015625 0.06396484375
0 0.4638671875 0.90185546875 0.01806640625 0.06689453125
0 0.50537109375 0.85009765625 0.015625 0.05712890625
0 0.5537109375 0.74853515625 0.0146484375 0.05810546875
0 0.53076171875 0.83544921875 0.01953125 0.06787109375
0 0.57373046875 0.7529296875 0.01416015625 0.0595703125
0 0.529296875 0.9228515625 0.0166015625 0.06689453125
0 0.5048828125 0.93310546875 0.015625 0.048828125
0 0.55126953125 0.98193359375 0.015625 0.0361328125
0 0.60595703125 0.6806640625 0.01953125 0.05419921875
0 0.46435546875 0.4873046875 0.015625 0.0595703125
0 0.57373046875 0.35986328125 0.01708984375 0.06396484375
0 0.5576171875 0.142578125 0.0146484375 0.06103515625
0 0.5087890625 0.1484375 0.01708984375 0.0654296875
0 0.490234375 0.0263671875 0.01708984375 0.052734375
0 0.46533203125 0.1162109375 0.015625 0.0654296875
0 0.849609375 0.03173828125 0.017578125 0.0634765625
0 0.87939453125 0.033203125 0.0146484375 0.06640625
0 0.8955078125 0.0361328125 0.01806640625 0.0595703125
0 0.912109375 0.03564453125 0.015625 0.0654296875
0 0.94287109375 0.0361328125 0.0146484375 0.0625
0 0.974609375 0.03955078125 0.01953125 0.0654296875
0 0.7275390625 0.384765625 0.0361328125 0.03466796875
0 0.732421875 0.41748046875 0.03759765625 0.02783203125
0 0.71923828125 0.455078125 0.03759765625 0.0224609375
0 0.7392578125 0.490234375 0.0400390625 0.03076171875
0 0.80810546875 0.42138671875 0.0419921875 0.029296875
0 0.78369140625 0.4599609375 0.02978515625 0.02783203125
0 0.8388671875 0.4599609375 0.03515625 0.0263671875
0 0.78955078125 0.49169921875 0.0400390625 0.03076171875
0 0.859375 0.59326171875 0.0380859375 0.02783203125