0 0.875 0.45751953125 0.044921875 0.03515625
0 0.87646484375 0.49267578125 0.044921875 0.0390625
0 0.8291015625 0.47021484375 0.0380859375 0.033203125
0 0.84033203125 0.5380859375 0.044921875 0.0390625
0 0.76220703125 0.4501953125 0.0361328125 0.0341796875
0 0.7099609375 0.4296875 0.0419921875 0.037109375
0 0.7177734375 0.4619140625 0.04296875 0.0341796875
0 0.7255859375 0.5 0.0419921875 0.0341796875
0 0.771484375 0.482421875 0.0380859375 0.033203125
0 0.76953125 0.52197265625 0.0458984375 0.0390625
0 0.72412109375 0.53759765625 0.041015625 0.0322265625
0 0.732421875 0.57177734375 0.046875 0.0341796875
0 0.7880859375 0.552734375 0.0478515625 0.0341796875
0 0.45654296875 0.064453125 0.0283203125 0.064453125
0 0.44091796875 0.123046875 0.0146484375 0.0380859375
0 0.41357421875 0.0791015625 0.0283203125 0.0615234375
0 0.40966796875 0.14794921875 0.0322265625 0.0693359375
0 0.35546875 0.2255859375 0.0302734375 0.0693359375
0 0.4814453125 0.25830078125 0.029296875 0.068359375
0 0.564453125 0.61669921875 0.0283203125 0.0615234375
0 0.47119140625 0.623046875 0.0302734375 0.0615234375
0 0.45458984375 0.63671875 0.029296875 0.064453125
0 0.42822265625 0.68994140625 0.033203125 0.0625
0 0.46533203125 0.79150390625 0.03125 0.0693359375
0 0.54541015625 0.8408203125 0.0322265625 0.0712890625
0 0.53369140625 0.88525390625 0.03125 0.0625
0 0.57373046875 0.8486328125 0.03125 0.0625
0 0.65673828125 0.896484375 0.0322265625 0.0703125
0 0.59423828125 0.93212890625 0.0263671875 0.0498046875
0 0.56884765625 0.9267578125 0.033203125 0.0634765625
0 0.53564453125 0.98486328125 0.0224609375 0.0302734375
0 0.044921875 0.119140625 0.0263671875 0.0546875
0 0.01318359375 0.125 0.0263671875 0.0517578125
0 0.0048828125 0.12841796875 0.009765625 0.0517578125
0 0.015625 0.5341796875 0.03125 0.03515625
0 0.0986328125 0.69384765625 0.0400390625 0.037109375
0 0.1513671875 0.5361328125 0.041015625 0.0322265625
0 0.24609375 0.4375 0.0419921875 0.03515625
0 0.24755859375 0.470703125 0.04296875 0.0341796875
0 0.193359375 0.48681640625 0.044921875 0.037109375
0 0.271484375 0.50390625 0.0400390625 0.03125
0 0.2578125 0.5439453125 0.0439453125 0.0380859375
0 0.2080078125 0.55908203125 0.0458984375 0.037109375
0 0.2060546875 0.5244140625 0.0322265625 0.0283203125