0 0.87744140625 0.4970703125 0.04296875 0.03125
0 0.87548828125 0.5322265625 0.04296875 0.03515625
0 0.830078125 0.5048828125 0.0361328125 0.0302734375
0 0.83447265625 0.57373046875 0.04296875 0.03515625
0 0.765625 0.4775390625 0.033203125 0.03125
0 0.7158203125 0.45166015625 0.0400390625 0.033203125
0 0.720703125 0.48486328125 0.041015625 0.0302734375
0 0.72412109375 0.5234375 0.0400390625 0.0302734375
0 0.77197265625 0.5107421875 0.0361328125 0.0302734375
0 0.76611328125 0.5498046875 0.0439453125 0.03515625
0 0.71875 0.560546875 0.0390625 0.029296875
0 0.7236328125 0.595703125 0.044921875 0.0302734375
0 0.78125 0.58251953125 0.0458984375 0.0302734375
0 0.50244140625 0.0625 0.021484375 0.0634765625
0 0.48095703125 0.119140625 0.01171875 0.0380859375
0 0.45849609375 0.072265625 0.0224609375 0.060546875
0 0.44677734375 0.140625 0.0263671875 0.068359375
0 0.384765625 0.2119140625 0.0234375 0.0693359375
0 0.5068359375 0.2578125 0.0224609375 0.068359375
0 0.5517578125 0.623046875 0.0224609375 0.060546875
0 0.45849609375 0.619140625 0.0244140625 0.0615234375
0 0.4404296875 0.63134765625 0.0234375 0.0634765625
0 0.40869140625 0.681640625 0.02734375 0.0615234375
0 0.4345703125 0.78662109375 0.0244140625 0.068359375
0 0.509765625 0.84375 0.025390625 0.0712890625
0 0.4931640625 0.88671875 0.025390625 0.0615234375
0 0.53662109375 0.8544921875 0.025390625 0.0615234375
0 0.6142578125 0.91064453125 0.025390625 0.0693359375
0 0.54833984375 0.93994140625 0.021484375 0.048828125
0 0.52392578125 0.931640625 0.0263671875 0.0625
0 0.484375 0.9853515625 0.01953125 0.029296875
0 0.0869140625 0.07373046875 0.0205078125 0.0537109375
0 0.0546875 0.076171875 0.021484375 0.0517578125
0 0.03955078125 0.078125 0.0205078125 0.05078125
0 0.0224609375 0.08154296875 0.0244140625 0.0546875
0 0.0146484375 0.48291015625 0.029296875 0.0322265625
0 0.08056640625 0.65087890625 0.037109375 0.0341796875
0 0.14990234375 0.49951171875 0.0390625 0.029296875
0 0.25390625 0.4111328125 0.0400390625 0.0322265625
0 0.251953125 0.4443359375 0.041015625 0.0302734375
0 0.1962890625 0.45458984375 0.0419921875 0.0341796875
0 0.27197265625 0.47998046875 0.0390625 0.02734375
0 0.25439453125 0.5185546875 0.041015625 0.03515625
0 0.203125 0.52783203125 0.04296875 0.0341796875
0 0.205078125 0.49365234375 0.03125 0.025390625