0 0.125 0.54296875 0.0400390625 0.0263671875
0 0.13134765625 0.57763671875 0.0390625 0.03076171875
0 0.1728515625 0.544921875 0.03271484375 0.0263671875
0 0.1767578125 0.61376953125 0.0390625 0.03076171875
0 0.2333984375 0.51025390625 0.0302734375 0.02783203125
0 0.27978515625 0.478515625 0.03662109375 0.029296875
0 0.279296875 0.51171875 0.03759765625 0.0263671875
0 0.2802734375 0.55078125 0.03662109375 0.0263671875
0 0.2314453125 0.5439453125 0.03271484375 0.0263671875
0 0.2421875 0.58203125 0.0400390625 0.03076171875
0 0.2900390625 0.5869140625 0.0361328125 0.02490234375
0 0.28955078125 0.6220703125 0.0419921875 0.02490234375
0 0.23095703125 0.6162109375 0.04296875 0.02490234375
0 0.4443359375 0.06591796875 0.01416015625 0.0625
0 0.47265625 0.11962890625 0.0068359375 0.03759765625
0 0.4892578125 0.0703125 0.015625 0.0595703125
0 0.5087890625 0.13671875 0.01806640625 0.06689453125
0 0.5791015625 0.2001953125 0.015625 0.06787109375
0 0.4638671875 0.26025390625 0.0146484375 0.06689453125
0 0.46337890625 0.62841796875 0.015625 0.0595703125
0 0.5556640625 0.61328125 0.01708984375 0.0595703125
0 0.5751953125 0.623046875 0.015625 0.0625
0 0.61279296875 0.6689453125 0.0205078125 0.0595703125
0 0.599609375 0.7763671875 0.0166015625 0.06689453125
0 0.5322265625 0.84228515625 0.01708984375 0.0693359375
0 0.5537109375 0.8828125 0.01806640625 0.0595703125
0 0.5068359375 0.8564453125 0.01806640625 0.0595703125
0 0.4365234375 0.92138671875 0.01708984375 0.06787109375
0 0.50537109375 0.9423828125 0.015625 0.04736328125
0 0.52880859375 0.93115234375 0.01953125 0.06103515625
0 0.5751953125 0.9833984375 0.015625 0.033203125
0 0.85791015625 0.0263671875 0.0146484375 0.052734375
0 0.89013671875 0.02490234375 0.015625 0.0498046875
0 0.90576171875 0.02490234375 0.0146484375 0.0498046875
0 0.9228515625 0.0263671875 0.0185546875 0.052734375
0 0.95361328125 0.0283203125 0.0185546875 0.056640625
0 0.9873046875 0.029296875 0.0205078125 0.05810546875
0 0.9814453125 0.42431640625 0.02978515625 0.029296875
0 0.9345703125 0.5986328125 0.03369140625 0.03076171875
0 0.84765625 0.45703125 0.03662109375 0.02490234375
0 0.7333984375 0.3818359375 0.03662109375 0.02783203125
0 0.7392578125 0.41455078125 0.03759765625 0.0263671875
0 0.7958984375 0.41796875 0.0390625 0.029296875
0 0.7236328125 0.4521484375 0.0361328125 0.0234375
0 0.74609375 0.48828125 0.03759765625 0.03076171875
0 0.7978515625 0.49169921875 0.0400390625 0.029296875
0 0.7919921875 0.45751953125 0.0283203125 0.0224609375