0 0.4951171875 0.7138671875 0.0126953125 0.03515625
0 0.88525390625 0.509765625 0.0439453125 0.033203125
0 0.8369140625 0.50390625 0.0390625 0.0361328125
0 0.77197265625 0.52978515625 0.0322265625 0.033203125
0 0.720703125 0.55126953125 0.04296875 0.0341796875
0 0.724609375 0.521484375 0.0419921875 0.03125
0 0.728515625 0.482421875 0.0419921875 0.037109375
0 0.77783203125 0.494140625 0.041015625 0.0341796875
0 0.85546875 0.46875 0.04296875 0.03125
0 0.841796875 0.43212890625 0.0478515625 0.03515625
0 0.771484375 0.453125 0.04296875 0.037109375
0 0.7236328125 0.44189453125 0.0400390625 0.0361328125
0 0.73046875 0.40478515625 0.04296875 0.03125
0 0.7890625 0.419921875 0.04296875 0.0341796875
0 0.49169921875 0.95947265625 0.0263671875 0.072265625
0 0.4765625 0.9052734375 0.025390625 0.0625
0 0.4560546875 0.8935546875 0.02734375 0.068359375
0 0.439453125 0.8681640625 0.0244140625 0.0693359375
0 0.3525390625 0.9541015625 0.0224609375 0.060546875
0 0.515625 0.80419921875 0.0244140625 0.0615234375
0 0.52587890625 0.591796875 0.025390625 0.0654296875
0 0.4375 0.52587890625 0.0263671875 0.060546875
0 0.41845703125 0.5048828125 0.02734375 0.064453125
0 0.57861328125 0.21728515625 0.02734375 0.068359375
0 0.4052734375 0.32421875 0.0302734375 0.06640625
0 0.48046875 0.23828125 0.02734375 0.0673828125
0 0.4326171875 0.2275390625 0.02734375 0.0673828125
0 0.51513671875 0.1494140625 0.0263671875 0.0712890625
0 0.54296875 0.13623046875 0.0244140625 0.0595703125
0 0.47705078125 0.1064453125 0.02734375 0.0693359375
0 0.53173828125 0.0576171875 0.0283203125 0.0673828125
0 0.55615234375 0.04931640625 0.025390625 0.0576171875
0 0.24560546875 0.5888671875 0.0419921875 0.0361328125
0 0.2451171875 0.55322265625 0.0419921875 0.033203125
0 0.19189453125 0.5458984375 0.0439453125 0.0361328125
0 0.26416015625 0.5185546875 0.041015625 0.0341796875
0 0.140625 0.49462890625 0.04296875 0.0361328125
0 0.04345703125 0.51708984375 0.033203125 0.0302734375
0 0.197265625 0.50048828125 0.0361328125 0.033203125
0 0.19580078125 0.46875 0.0458984375 0.0361328125
0 0.2470703125 0.47802734375 0.0439453125 0.0361328125
0 0.06884765625 0.92333984375 0.0224609375 0.04296875
0 0.03662109375 0.919921875 0.01953125 0.041015625
0 0.0185546875 0.91845703125 0.017578125 0.0380859375
0 0.00634765625 0.91650390625 0.0126953125 0.0380859375