0 0.47509765625 0.28759765625 0.0078125 0.03466796875
0 0.1171875 0.5439453125 0.04052734375 0.02783203125
0 0.166015625 0.54296875 0.03515625 0.03173828125
0 0.2265625 0.50830078125 0.02880859375 0.029296875
0 0.2744140625 0.47998046875 0.0390625 0.029296875
0 0.2744140625 0.51025390625 0.0390625 0.0263671875
0 0.2763671875 0.54931640625 0.03759765625 0.03173828125
0 0.2255859375 0.54443359375 0.03759765625 0.029296875
0 0.15234375 0.58056640625 0.0400390625 0.0263671875
0 0.1708984375 0.61474609375 0.0439453125 0.029296875
0 0.23779296875 0.583984375 0.0390625 0.03173828125
0 0.28662109375 0.5888671875 0.0361328125 0.03173828125
0 0.28515625 0.62646484375 0.0400390625 0.0263671875
0 0.22509765625 0.61962890625 0.0390625 0.029296875
0 0.4443359375 0.0439453125 0.01708984375 0.07080078125
0 0.466796875 0.09521484375 0.01708984375 0.06103515625
0 0.48876953125 0.10400390625 0.01806640625 0.06689453125
0 0.5087890625 0.126953125 0.0146484375 0.06787109375
0 0.5830078125 0.02978515625 0.0146484375 0.0595703125
0 0.4423828125 0.20068359375 0.0166015625 0.0595703125
0 0.46142578125 0.41259765625 0.01708984375 0.06396484375
0 0.55810546875 0.4658203125 0.0185546875 0.05810546875
0 0.580078125 0.48388671875 0.0185546875 0.0625
0 0.46142578125 0.791015625 0.01806640625 0.06689453125
0 0.6181640625 0.6611328125 0.02197265625 0.06396484375
0 0.5556640625 0.75634765625 0.01806640625 0.0654296875
0 0.6044921875 0.76025390625 0.01806640625 0.0654296875
0 0.53369140625 0.84912109375 0.0166015625 0.0693359375
0 0.50830078125 0.8662109375 0.0166015625 0.05810546875
0 0.57763671875 0.88671875 0.0185546875 0.06787109375
0 0.5302734375 0.9423828125 0.01953125 0.0654296875
0 0.50732421875 0.9541015625 0.01806640625 0.0556640625
0 0.73974609375 0.37646484375 0.03759765625 0.03076171875
0 0.7451171875 0.41162109375 0.0380859375 0.02783203125
0 0.798828125 0.41162109375 0.04052734375 0.03076171875
0 0.73095703125 0.44873046875 0.03759765625 0.029296875
0 0.8564453125 0.45556640625 0.0390625 0.03076171875
0 0.94970703125 0.41943359375 0.02978515625 0.0263671875
0 0.7998046875 0.45751953125 0.0322265625 0.029296875
0 0.8056640625 0.48876953125 0.0419921875 0.03076171875
0 0.75341796875 0.48681640625 0.04052734375 0.03076171875
0 0.8681640625 0.02099609375 0.0166015625 0.04150390625
0 0.900390625 0.01953125 0.0146484375 0.0390625
0 0.91845703125 0.0185546875 0.0126953125 0.037109375
0 0.9345703125 0.01806640625 0.01708984375 0.0361328125
0 0.96728515625 0.02001953125 0.0185546875 0.0400390625