0 0.4990234375 0.7138671875 0.01171875 0.03515625
0 0.88525390625 0.5029296875 0.0439453125 0.0322265625
0 0.8369140625 0.498046875 0.0390625 0.0361328125
0 0.7724609375 0.52490234375 0.0322265625 0.0322265625
0 0.7216796875 0.54736328125 0.0419921875 0.0341796875
0 0.72509765625 0.51708984375 0.0419921875 0.03125
0 0.72802734375 0.478515625 0.041015625 0.0361328125
0 0.77783203125 0.4892578125 0.041015625 0.033203125
0 0.85498046875 0.46240234375 0.04296875 0.03125
0 0.8408203125 0.42626953125 0.046875 0.0341796875
0 0.7705078125 0.44873046875 0.04296875 0.0361328125
0 0.72265625 0.43798828125 0.0400390625 0.0361328125
0 0.728515625 0.40087890625 0.04296875 0.03125
0 0.78759765625 0.41455078125 0.0419921875 0.0341796875
0 0.49951171875 0.95947265625 0.025390625 0.072265625
0 0.4833984375 0.90576171875 0.0244140625 0.0625
0 0.462890625 0.89453125 0.0263671875 0.068359375
0 0.44580078125 0.869140625 0.0224609375 0.0693359375
0 0.3603515625 0.95654296875 0.021484375 0.060546875
0 0.5205078125 0.80419921875 0.0234375 0.0615234375
0 0.52783203125 0.59130859375 0.0244140625 0.0654296875
0 0.43798828125 0.52685546875 0.025390625 0.0595703125
0 0.41845703125 0.50634765625 0.0263671875 0.064453125
0 0.57373046875 0.2158203125 0.0263671875 0.068359375
0 0.40234375 0.32568359375 0.029296875 0.06640625
0 0.47607421875 0.23876953125 0.0263671875 0.0673828125
0 0.42822265625 0.22900390625 0.0263671875 0.0673828125
0 0.50927734375 0.1494140625 0.025390625 0.0712890625
0 0.53662109375 0.1357421875 0.0234375 0.0595703125
0 0.47021484375 0.10693359375 0.0263671875 0.0693359375
0 0.52392578125 0.05712890625 0.02734375 0.0673828125
0 0.5478515625 0.04833984375 0.0244140625 0.0576171875
0 0.2470703125 0.59326171875 0.041015625 0.03515625
0 0.24609375 0.5576171875 0.041015625 0.0322265625
0 0.19287109375 0.55126953125 0.0439453125 0.03515625
0 0.2646484375 0.52294921875 0.041015625 0.033203125
0 0.140625 0.50048828125 0.04296875 0.03515625
0 0.0439453125 0.525390625 0.033203125 0.0302734375
0 0.197265625 0.505859375 0.03515625 0.033203125
0 0.1953125 0.47412109375 0.0458984375 0.0361328125
0 0.2470703125 0.482421875 0.0439453125 0.03515625
0 0.076171875 0.9306640625 0.021484375 0.04296875
0 0.0439453125 0.92822265625 0.01953125 0.041015625
0 0.02587890625 0.9267578125 0.017578125 0.0380859375
0 0.01025390625 0.92529296875 0.0205078125 0.0380859375