0 0.8994140625 0.42236328125 0.0478515625 0.03125
0 0.84619140625 0.42578125 0.0390625 0.0322265625
0 0.828125 0.388671875 0.0458984375 0.0341796875
0 0.83837890625 0.35107421875 0.0439453125 0.0341796875
0 0.77587890625 0.35205078125 0.04296875 0.033203125
0 0.712890625 0.35302734375 0.0439453125 0.0302734375
0 0.740234375 0.505859375 0.041015625 0.029296875
0 0.73583984375 0.47119140625 0.04296875 0.0341796875
0 0.78662109375 0.4697265625 0.0361328125 0.0322265625
0 0.78271484375 0.43115234375 0.04296875 0.0341796875
0 0.7314453125 0.42822265625 0.041015625 0.0341796875
0 0.76806640625 0.390625 0.044921875 0.0400390625
0 0.63671875 0.859375 0.021484375 0.052734375
0 0.56640625 0.84423828125 0.0234375 0.068359375
0 0.54443359375 0.89013671875 0.0244140625 0.06640625
0 0.52392578125 0.8955078125 0.0234375 0.0732421875
0 0.46826171875 0.89453125 0.0234375 0.0625
0 0.4423828125 0.85009765625 0.0224609375 0.06640625
0 0.5771484375 0.6787109375 0.0234375 0.0751953125
0 0.54345703125 0.580078125 0.0205078125 0.06640625
0 0.56201171875 0.50244140625 0.0224609375 0.068359375
0 0.4423828125 0.54296875 0.021484375 0.0654296875
0 0.404296875 0.3857421875 0.025390625 0.0771484375
0 0.359375 0.35205078125 0.0302734375 0.0654296875
0 0.36474609375 0.2734375 0.0244140625 0.0654296875
0 0.51708984375 0.23388671875 0.02734375 0.0771484375
0 0.4169921875 0.21484375 0.02734375 0.0751953125
0 0.38916015625 0.20361328125 0.02734375 0.0791015625
0 0.431640625 0.13916015625 0.0263671875 0.0791015625
0 0.45703125 0.11962890625 0.0234375 0.0693359375
0 0.42578125 0.04296875 0.0234375 0.0693359375
0 0.4482421875 0.02880859375 0.01953125 0.052734375
0 0.255859375 0.65380859375 0.04296875 0.033203125
0 0.2470703125 0.62060546875 0.04296875 0.0361328125
0 0.19384765625 0.62060546875 0.04296875 0.03515625
0 0.09716796875 0.625 0.0341796875 0.0302734375
0 0.12646484375 0.58349609375 0.04296875 0.0361328125
0 0.18603515625 0.5771484375 0.0400390625 0.03125
0 0.17724609375 0.54345703125 0.046875 0.03515625
0 0.26025390625 0.57666015625 0.0419921875 0.0322265625
0 0.23291015625 0.541015625 0.0439453125 0.037109375