0 0.09521484375 0.54248046875 0.0458984375 0.02783203125
0 0.1484375 0.5439453125 0.03662109375 0.029296875
0 0.16357421875 0.58251953125 0.04296875 0.03076171875
0 0.14990234375 0.61865234375 0.04150390625 0.03076171875
0 0.21240234375 0.62353515625 0.04052734375 0.029296875
0 0.27490234375 0.6279296875 0.04150390625 0.0263671875
0 0.26123046875 0.47314453125 0.0390625 0.0263671875
0 0.2626953125 0.50830078125 0.04052734375 0.03076171875
0 0.2119140625 0.50537109375 0.03369140625 0.029296875
0 0.21240234375 0.5439453125 0.0400390625 0.03076171875
0 0.26318359375 0.55126953125 0.0380859375 0.03076171875
0 0.2236328125 0.58544921875 0.04150390625 0.0361328125
0 0.39501953125 0.1298828125 0.0166015625 0.05126953125
0 0.4638671875 0.1513671875 0.01806640625 0.06689453125
0 0.48974609375 0.107421875 0.0185546875 0.0654296875
0 0.5107421875 0.10400390625 0.01708984375 0.072265625
0 0.56591796875 0.10986328125 0.01806640625 0.06103515625
0 0.587890625 0.15625 0.0166015625 0.0654296875
0 0.4384765625 0.3154296875 0.01708984375 0.07373046875
0 0.4638671875 0.41650390625 0.0146484375 0.0654296875
0 0.4384765625 0.4921875 0.0166015625 0.06689453125
0 0.56103515625 0.46240234375 0.015625 0.06396484375
0 0.58544921875 0.6220703125 0.0185546875 0.076171875
0 0.626953125 0.65966796875 0.02490234375 0.06396484375
0 0.615234375 0.7373046875 0.0185546875 0.06396484375
0 0.4599609375 0.763671875 0.02099609375 0.0751953125
0 0.5576171875 0.79150390625 0.02099609375 0.07373046875
0 0.58447265625 0.8046875 0.02099609375 0.07763671875
0 0.53662109375 0.865234375 0.01953125 0.07763671875
0 0.509765625 0.8828125 0.01806640625 0.06787109375
0 0.5341796875 0.9619140625 0.01806640625 0.06787109375
0 0.51025390625 0.97412109375 0.0146484375 0.05126953125
0 0.7568359375 0.3681640625 0.04052734375 0.029296875
0 0.7626953125 0.40185546875 0.0400390625 0.033203125
0 0.8154296875 0.40673828125 0.04052734375 0.03173828125
0 0.912109375 0.41064453125 0.0322265625 0.02783203125
0 0.87939453125 0.44921875 0.0400390625 0.033203125
0 0.8193359375 0.45068359375 0.03759765625 0.02783203125
0 0.8251953125 0.48486328125 0.04443359375 0.03173828125
0 0.74560546875 0.4443359375 0.0400390625 0.029296875
0 0.76953125 0.482421875 0.04150390625 0.033203125