0 0.09521484375 0.45751953125 0.05078125 0.037109375
0 0.14697265625 0.4697265625 0.0419921875 0.0361328125
0 0.15380859375 0.5107421875 0.048828125 0.0390625
0 0.1328125 0.54345703125 0.046875 0.0390625
0 0.19287109375 0.56103515625 0.0458984375 0.037109375
0 0.25341796875 0.578125 0.0458984375 0.0341796875
0 0.27197265625 0.42431640625 0.0439453125 0.0341796875
0 0.26611328125 0.458984375 0.0458984375 0.0380859375
0 0.21728515625 0.4453125 0.0390625 0.0361328125
0 0.20947265625 0.4833984375 0.0458984375 0.0380859375
0 0.2578125 0.5009765625 0.0439453125 0.0380859375
0 0.2119140625 0.52587890625 0.0478515625 0.0439453125
0 0.47412109375 0.1162109375 0.02734375 0.0537109375
0 0.537109375 0.1513671875 0.03125 0.0693359375
0 0.57177734375 0.11376953125 0.0322265625 0.0673828125
0 0.5927734375 0.11474609375 0.0322265625 0.07421875
0 0.6455078125 0.13232421875 0.0302734375 0.0634765625
0 0.6572265625 0.18212890625 0.0302734375 0.0673828125
0 0.47802734375 0.306640625 0.0322265625 0.0751953125
0 0.48193359375 0.41064453125 0.0283203125 0.0673828125
0 0.44140625 0.4794921875 0.0302734375 0.0693359375
0 0.5673828125 0.47607421875 0.0283203125 0.0654296875
0 0.55810546875 0.63720703125 0.0341796875 0.078125
0 0.5908203125 0.6826171875 0.0380859375 0.0673828125
0 0.5634765625 0.755859375 0.03125 0.06640625
0 0.40625 0.74951171875 0.0361328125 0.078125
0 0.49560546875 0.796875 0.0361328125 0.076171875
0 0.51904296875 0.8154296875 0.037109375 0.080078125
0 0.4599609375 0.86474609375 0.03515625 0.080078125
0 0.43017578125 0.87646484375 0.0322265625 0.0703125
0 0.4375 0.958984375 0.0322265625 0.0703125
0 0.41162109375 0.9658203125 0.025390625 0.052734375
0 0.77880859375 0.42431640625 0.0458984375 0.037109375
0 0.77734375 0.45849609375 0.0458984375 0.041015625
0 0.828125 0.47412109375 0.0458984375 0.0390625
0 0.921875 0.498046875 0.037109375 0.0341796875
0 0.8818359375 0.529296875 0.0458984375 0.041015625
0 0.82275390625 0.51806640625 0.04296875 0.03515625
0 0.8212890625 0.552734375 0.0498046875 0.0400390625
0 0.751953125 0.49658203125 0.044921875 0.037109375
0 0.76708984375 0.5390625 0.0478515625 0.041015625