0 0.5693359375 0.53759765625 0.0283203125 0.0771484375
0 0.908203125 0.41455078125 0.0439453125 0.0302734375
0 0.8544921875 0.41748046875 0.03515625 0.029296875
0 0.83203125 0.38134765625 0.04296875 0.0361328125
0 0.8427734375 0.34033203125 0.0458984375 0.03515625
0 0.78271484375 0.34326171875 0.04296875 0.0322265625
0 0.7734375 0.384765625 0.044921875 0.03515625
0 0.7900390625 0.4267578125 0.04296875 0.033203125
0 0.79345703125 0.46484375 0.037109375 0.0322265625
0 0.74609375 0.50341796875 0.04296875 0.033203125
0 0.74169921875 0.46923828125 0.0439453125 0.033203125
0 0.7353515625 0.42529296875 0.044921875 0.0302734375
0 0.72119140625 0.38671875 0.041015625 0.033203125
0 0.716796875 0.34521484375 0.044921875 0.03515625
0 0.54931640625 0.3427734375 0.0244140625 0.0693359375
0 0.52587890625 0.38671875 0.0234375 0.068359375
0 0.427734375 0.36572265625 0.0263671875 0.0712890625
0 0.3955078125 0.34716796875 0.0263671875 0.0791015625
0 0.3525390625 0.35205078125 0.0322265625 0.0634765625
0 0.44970703125 0.111328125 0.0234375 0.068359375
0 0.4228515625 0.12890625 0.025390625 0.07421875
0 0.49658203125 0.0361328125 0.0244140625 0.072265625
0 0.44189453125 0.0234375 0.0166015625 0.041015625
0 0.4169921875 0.037109375 0.0244140625 0.0595703125
0 0.3642578125 0.02490234375 0.0166015625 0.02734375
0 0.4150390625 0.53369140625 0.025390625 0.0771484375
0 0.5498046875 0.6533203125 0.025390625 0.0712890625
0 0.4580078125 0.7158203125 0.0234375 0.0654296875
0 0.64501953125 0.79443359375 0.0244140625 0.0546875
0 0.55322265625 0.8984375 0.0244140625 0.068359375
0 0.5302734375 0.908203125 0.0244140625 0.072265625
0 0.25341796875 0.6630859375 0.041015625 0.0341796875
0 0.24072265625 0.62841796875 0.046875 0.0361328125
0 0.1865234375 0.630859375 0.0458984375 0.03515625
0 0.10888671875 0.63720703125 0.03515625 0.029296875
0 0.1181640625 0.59521484375 0.041015625 0.0341796875
0 0.17919921875 0.5869140625 0.033203125 0.0263671875
0 0.2548828125 0.58349609375 0.0458984375 0.0322265625
0 0.22607421875 0.54638671875 0.0439453125 0.0400390625
0 0.16943359375 0.55224609375 0.046875 0.0380859375
0 0.359375 0.27197265625 0.0263671875 0.068359375