0 0.43505859375 0.45556640625 0.02099609375 0.0751953125
0 0.0849609375 0.54248046875 0.04150390625 0.0263671875
0 0.138671875 0.544921875 0.03271484375 0.0263671875
0 0.1572265625 0.58349609375 0.0400390625 0.03173828125
0 0.142578125 0.623046875 0.04296875 0.03076171875
0 0.20263671875 0.62646484375 0.0400390625 0.02783203125
0 0.2158203125 0.5859375 0.0419921875 0.03076171875
0 0.2041015625 0.54248046875 0.04052734375 0.029296875
0 0.20458984375 0.50439453125 0.0341796875 0.029296875
0 0.255859375 0.470703125 0.0400390625 0.029296875
0 0.25634765625 0.50537109375 0.04150390625 0.029296875
0 0.25830078125 0.5498046875 0.0419921875 0.0263671875
0 0.26806640625 0.58935546875 0.0380859375 0.029296875
0 0.26806640625 0.63134765625 0.0419921875 0.03076171875
0 0.4345703125 0.6513671875 0.01708984375 0.06787109375
0 0.46240234375 0.60986328125 0.0166015625 0.06689453125
0 0.5576171875 0.64111328125 0.01953125 0.0693359375
0 0.587890625 0.6630859375 0.01806640625 0.07763671875
0 0.63134765625 0.66259765625 0.0263671875 0.06103515625
0 0.50927734375 0.8916015625 0.0166015625 0.06689453125
0 0.5380859375 0.876953125 0.01806640625 0.072265625
0 0.45458984375 0.962890625 0.0166015625 0.07421875
0 0.5078125 0.97998046875 0.0126953125 0.0400390625
0 0.5341796875 0.96923828125 0.01806640625 0.05810546875
0 0.58544921875 0.98681640625 0.01416015625 0.0263671875
0 0.587890625 0.4755859375 0.01708984375 0.076171875
0 0.46630859375 0.34228515625 0.0185546875 0.0693359375
0 0.564453125 0.28955078125 0.01708984375 0.06396484375
0 0.38671875 0.19189453125 0.0185546875 0.052734375
0 0.48876953125 0.09814453125 0.01708984375 0.06689453125
0 0.5126953125 0.0908203125 0.01708984375 0.07080078125
0 0.76220703125 0.36376953125 0.0380859375 0.03076171875
0 0.771484375 0.3994140625 0.0439453125 0.03173828125
0 0.8251953125 0.40283203125 0.04296875 0.03076171875
0 0.9033203125 0.404296875 0.0322265625 0.0263671875
0 0.8896484375 0.4453125 0.0380859375 0.03076171875
0 0.828125 0.447265625 0.03125 0.0234375
0 0.75244140625 0.4423828125 0.04296875 0.02783203125
0 0.77734375 0.482421875 0.04052734375 0.0361328125
0 0.83447265625 0.482421875 0.0439453125 0.033203125
0 0.6162109375 0.74169921875 0.01953125 0.06689453125