0 0.43603515625 0.54541015625 0.0224609375 0.0751953125
0 0.08447265625 0.46484375 0.0419921875 0.02734375
0 0.13818359375 0.46142578125 0.033203125 0.02734375
0 0.15576171875 0.42236328125 0.041015625 0.0322265625
0 0.140625 0.38330078125 0.0439453125 0.03125
0 0.20068359375 0.37890625 0.0400390625 0.0283203125
0 0.21435546875 0.4189453125 0.04296875 0.03125
0 0.20361328125 0.462890625 0.041015625 0.0302734375
0 0.20458984375 0.5009765625 0.03515625 0.0302734375
0 0.25634765625 0.53369140625 0.041015625 0.0302734375
0 0.25634765625 0.4990234375 0.0419921875 0.0302734375
0 0.25732421875 0.45458984375 0.0419921875 0.02734375
0 0.2666015625 0.41455078125 0.0390625 0.0302734375
0 0.265625 0.37255859375 0.04296875 0.03125
0 0.43212890625 0.349609375 0.0185546875 0.068359375
0 0.46044921875 0.390625 0.017578125 0.0673828125
0 0.55517578125 0.35791015625 0.0205078125 0.0693359375
0 0.5849609375 0.33544921875 0.01953125 0.078125
0 0.62841796875 0.3349609375 0.02734375 0.0615234375
0 0.50244140625 0.1083984375 0.017578125 0.0673828125
0 0.53173828125 0.12255859375 0.01953125 0.072265625
0 0.4462890625 0.0380859375 0.017578125 0.07421875
0 0.49951171875 0.02001953125 0.013671875 0.0400390625
0 0.52587890625 0.0302734375 0.01953125 0.05859375
0 0.57666015625 0.01220703125 0.0146484375 0.0244140625
0 0.58837890625 0.52294921875 0.0185546875 0.076171875
0 0.46923828125 0.658203125 0.01953125 0.0693359375
0 0.568359375 0.70947265625 0.0185546875 0.064453125
0 0.39208984375 0.81005859375 0.01953125 0.052734375
0 0.49560546875 0.90185546875 0.0185546875 0.0673828125
0 0.52001953125 0.90869140625 0.0185546875 0.0712890625
0 0.7646484375 0.6318359375 0.0390625 0.03125
0 0.7734375 0.595703125 0.044921875 0.0322265625
0 0.82666015625 0.59130859375 0.0439453125 0.03125
0 0.90478515625 0.5888671875 0.0322265625 0.02734375
0 0.890625 0.5478515625 0.0390625 0.03125
0 0.8291015625 0.546875 0.03125 0.0244140625
0 0.75341796875 0.55322265625 0.04296875 0.0283203125
0 0.77783203125 0.5126953125 0.041015625 0.037109375
0 0.8349609375 0.51171875 0.044921875 0.0341796875
0 0.61181640625 0.25634765625 0.0205078125 0.0673828125