0 0.0546875 0.58056640625 0.03271484375 0.02783203125
0 0.1943359375 0.60888671875 0.03271484375 0.0263671875
0 0.2001953125 0.5556640625 0.03125 0.02099609375
0 0.23388671875 0.52783203125 0.03271484375 0.02490234375
0 0.24169921875 0.5576171875 0.02490234375 0.02490234375
0 0.28759765625 0.55615234375 0.0283203125 0.02490234375
0 0.3271484375 0.55908203125 0.02880859375 0.0224609375
0 0.32470703125 0.5048828125 0.02978515625 0.0224609375
0 0.33447265625 0.58740234375 0.02880859375 0.02490234375
0 0.33447265625 0.61669921875 0.02880859375 0.0224609375
0 0.2841796875 0.61328125 0.02978515625 0.01953125
0 0.529296875 0.01171875 0.0126953125 0.0234375
0 0.470703125 0.0126953125 0.01318359375 0.02490234375
0 0.45556640625 0.02490234375 0.0107421875 0.0361328125
0 0.4716796875 0.08837890625 0.01318359375 0.04736328125
0 0.4541015625 0.123046875 0.0126953125 0.048828125
0 0.4541015625 0.2646484375 0.0126953125 0.04736328125
0 0.470703125 0.2431640625 0.01318359375 0.0498046875
0 0.5048828125 0.23486328125 0.01171875 0.05126953125
0 0.54248046875 0.240234375 0.0146484375 0.0556640625
0 0.560546875 0.21435546875 0.0126953125 0.048828125
0 0.5751953125 0.36865234375 0.01318359375 0.0498046875
0 0.48046875 0.3896484375 0.01416015625 0.04736328125
0 0.451171875 0.43310546875 0.01171875 0.0400390625
0 0.5400390625 0.4560546875 0.01416015625 0.05126953125
0 0.5595703125 0.4765625 0.01318359375 0.05712890625
0 0.470703125 0.48388671875 0.01318359375 0.05126953125
0 0.55810546875 0.60009765625 0.0146484375 0.0400390625
0 0.58544921875 0.685546875 0.015625 0.0498046875
0 0.5419921875 0.74365234375 0.01318359375 0.05126953125
0 0.560546875 0.77294921875 0.0126953125 0.0556640625
0 0.5244140625 0.78759765625 0.01416015625 0.05712890625
0 0.50390625 0.7978515625 0.01318359375 0.0498046875
0 0.4697265625 0.86865234375 0.0107421875 0.0556640625
0 0.4501953125 0.865234375 0.01416015625 0.0498046875
0 0.5234375 0.8583984375 0.01171875 0.0498046875
0 0.5029296875 0.865234375 0.01318359375 0.0390625
0 0.5400390625 0.90478515625 0.0126953125 0.0400390625
0 0.5048828125 0.93701171875 0.01416015625 0.04736328125
0 0.5576171875 0.9921875 0.0126953125 0.01513671875
0 0.7802734375 0.076171875 0.0126953125 0.04736328125
0 0.7783203125 0.13818359375 0.0146484375 0.05419921875
0 0.80322265625 0.13671875 0.0107421875 0.048828125
0 0.818359375 0.14306640625 0.0107421875 0.04150390625
0 0.8310546875 0.1416015625 0.0107421875 0.04443359375
0 0.85302734375 0.14013671875 0.01416015625 0.0458984375
0 0.88037109375 0.13818359375 0.015625 0.05126953125
0 0.6826171875 0.4228515625 0.02880859375 0.02490234375
0 0.6865234375 0.447265625 0.0263671875 0.02099609375
0 0.6748046875 0.47998046875 0.02734375 0.0224609375
0 0.728515625 0.482421875 0.02197265625 0.01953125
0 0.77197265625 0.47998046875 0.0283203125 0.02099609375
0 0.7333984375 0.5068359375 0.0302734375 0.02099609375
0 0.69189453125 0.5068359375 0.02880859375 0.02099609375
0 0.91748046875 0.06103515625 0.01416015625 0.0390625
0 0.08984375 0.65625 0.0107421875 0.0166015625
0 0.1650390625 0.5263671875 0.0126953125 0.0126953125