0 0.0478515625 0.478515625 0.0380859375 0.0341796875
0 0.177734375 0.537109375 0.0380859375 0.033203125
0 0.1953125 0.48681640625 0.03515625 0.02734375
0 0.234375 0.46728515625 0.037109375 0.03125
0 0.2353515625 0.498046875 0.0302734375 0.0302734375
0 0.2802734375 0.5068359375 0.033203125 0.0302734375
0 0.318359375 0.5185546875 0.033203125 0.0283203125
0 0.328125 0.46533203125 0.0341796875 0.0283203125
0 0.31884765625 0.5478515625 0.033203125 0.0302734375
0 0.3125 0.57666015625 0.033203125 0.0283203125
0 0.26416015625 0.56201171875 0.033203125 0.025390625
0 0.63818359375 0.03076171875 0.017578125 0.025390625
0 0.5810546875 0.0185546875 0.0185546875 0.02734375
0 0.5634765625 0.02685546875 0.0185546875 0.0380859375
0 0.56494140625 0.0927734375 0.0234375 0.048828125
0 0.5400390625 0.12255859375 0.0234375 0.05078125
0 0.50830078125 0.26025390625 0.0234375 0.048828125
0 0.529296875 0.2431640625 0.0244140625 0.0517578125
0 0.564453125 0.24267578125 0.0234375 0.052734375
0 0.599609375 0.25634765625 0.0263671875 0.0576171875
0 0.623046875 0.2353515625 0.0234375 0.05078125
0 0.60302734375 0.38916015625 0.0244140625 0.0517578125
0 0.505859375 0.38818359375 0.0244140625 0.0498046875
0 0.46728515625 0.423828125 0.0205078125 0.0419921875
0 0.548828125 0.46630859375 0.025390625 0.052734375
0 0.5634765625 0.49072265625 0.025390625 0.05859375
0 0.47509765625 0.4775390625 0.0244140625 0.052734375
0 0.5341796875 0.61083984375 0.0234375 0.0419921875
0 0.54150390625 0.7001953125 0.0263671875 0.0517578125
0 0.486328125 0.7470703125 0.0244140625 0.052734375
0 0.49755859375 0.77978515625 0.0244140625 0.056640625
0 0.458984375 0.78564453125 0.0263671875 0.05859375
0 0.43701171875 0.791015625 0.0244140625 0.0517578125
0 0.3876953125 0.8525390625 0.0234375 0.056640625
0 0.369140625 0.8447265625 0.025390625 0.0517578125
0 0.4423828125 0.8544921875 0.0224609375 0.05078125
0 0.4208984375 0.8564453125 0.021484375 0.041015625
0 0.44775390625 0.9033203125 0.021484375 0.0419921875
0 0.40625 0.9267578125 0.0244140625 0.0498046875
0 0.4453125 0.99169921875 0.015625 0.0166015625
0 0.86865234375 0.14990234375 0.0234375 0.048828125
0 0.8525390625 0.2099609375 0.0263671875 0.0556640625
0 0.876953125 0.21435546875 0.021484375 0.0498046875
0 0.890625 0.2236328125 0.01953125 0.04296875
0 0.9033203125 0.22509765625 0.0205078125 0.0458984375
0 0.9248046875 0.22900390625 0.0244140625 0.0478515625
0 0.9521484375 0.23291015625 0.0263671875 0.0537109375
0 0.6953125 0.4658203125 0.033203125 0.0302734375
0 0.69384765625 0.49072265625 0.0302734375 0.0263671875
0 0.6748046875 0.52001953125 0.03125 0.0283203125
0 0.7265625 0.5341796875 0.025390625 0.0244140625
0 0.76953125 0.54150390625 0.0322265625 0.0263671875
0 0.72607421875 0.55908203125 0.0341796875 0.02734375
0 0.685546875 0.5498046875 0.033203125 0.02734375
0 0.9970703125 0.166015625 0.005859375 0.041015625
0 0.0654296875 0.56005859375 0.0146484375 0.0185546875
0 0.16748046875 0.4501953125 0.015625 0.015625