0 0.05322265625 0.57275390625 0.033203125 0.0283203125
0 0.1923828125 0.603515625 0.033203125 0.02734375
0 0.19921875 0.55029296875 0.03125 0.021484375
0 0.2333984375 0.52294921875 0.033203125 0.025390625
0 0.24072265625 0.55322265625 0.025390625 0.025390625
0 0.28662109375 0.55224609375 0.0283203125 0.025390625
0 0.326171875 0.55615234375 0.029296875 0.0234375
0 0.32470703125 0.501953125 0.0302734375 0.0234375
0 0.3330078125 0.58447265625 0.029296875 0.025390625
0 0.33251953125 0.61376953125 0.029296875 0.0234375
0 0.2822265625 0.609375 0.0302734375 0.0205078125
0 0.53759765625 0.01220703125 0.0126953125 0.0234375
0 0.478515625 0.01220703125 0.013671875 0.0244140625
0 0.4638671875 0.0244140625 0.01171875 0.0361328125
0 0.47900390625 0.087890625 0.013671875 0.0478515625
0 0.46044921875 0.1220703125 0.013671875 0.048828125
0 0.4580078125 0.263671875 0.013671875 0.0478515625
0 0.47509765625 0.24267578125 0.013671875 0.0498046875
0 0.50927734375 0.23486328125 0.0126953125 0.0517578125
0 0.546875 0.2412109375 0.015625 0.0556640625
0 0.5654296875 0.21533203125 0.013671875 0.048828125
0 0.57763671875 0.3701171875 0.013671875 0.0498046875
0 0.482421875 0.38916015625 0.0146484375 0.0478515625
0 0.4521484375 0.43212890625 0.0126953125 0.0400390625
0 0.541015625 0.45654296875 0.0146484375 0.0517578125
0 0.56005859375 0.4775390625 0.0146484375 0.0576171875
0 0.47119140625 0.4833984375 0.013671875 0.0517578125
0 0.55615234375 0.60107421875 0.015625 0.0400390625
0 0.58203125 0.68701171875 0.0166015625 0.0498046875
0 0.53759765625 0.744140625 0.013671875 0.0517578125
0 0.5556640625 0.77392578125 0.013671875 0.0556640625
0 0.51953125 0.7880859375 0.015625 0.0576171875
0 0.49853515625 0.7978515625 0.013671875 0.0498046875
0 0.46337890625 0.8681640625 0.01171875 0.0556640625
0 0.44384765625 0.8642578125 0.0146484375 0.0498046875
0 0.51708984375 0.85888671875 0.0126953125 0.0498046875
0 0.49658203125 0.865234375 0.013671875 0.0390625
0 0.533203125 0.9052734375 0.013671875 0.0400390625
0 0.4970703125 0.93701171875 0.0146484375 0.0478515625
0 0.54833984375 0.99267578125 0.0126953125 0.0146484375
0 0.78759765625 0.0810546875 0.013671875 0.0478515625
0 0.78466796875 0.14306640625 0.015625 0.0546875
0 0.8095703125 0.14208984375 0.01171875 0.048828125
0 0.82470703125 0.1484375 0.01171875 0.0419921875
0 0.83740234375 0.1474609375 0.01171875 0.044921875
0 0.859375 0.146484375 0.0146484375 0.0458984375
0 0.88671875 0.14501953125 0.0166015625 0.0517578125
0 0.68408203125 0.42626953125 0.029296875 0.025390625
0 0.6875 0.45068359375 0.0263671875 0.021484375
0 0.67529296875 0.48291015625 0.02734375 0.0224609375
0 0.72900390625 0.486328125 0.0224609375 0.01953125
0 0.7724609375 0.48486328125 0.0283203125 0.021484375
0 0.7333984375 0.5107421875 0.0302734375 0.021484375
0 0.69189453125 0.51025390625 0.029296875 0.021484375
0 0.92529296875 0.068359375 0.0146484375 0.0390625
0 0.08740234375 0.64892578125 0.0107421875 0.0166015625
0 0.16455078125 0.5205078125 0.0126953125 0.0126953125