1 0.2841796875 0.77978515625 0.01171875 0.02099609375
1 0.26171875 0.41064453125 0.0146484375 0.0234375
1 0.7431640625 0.009765625 0.01025390625 0.0166015625
1 0.7529296875 0.07421875 0.0087890625 0.02099609375
0 0.4716796875 0.84521484375 0.02099609375 0.095703125
0 0.5146484375 0.9921875 0.0224609375 0.01513671875
0 0.55322265625 0.97607421875 0.0205078125 0.0478515625
0 0.6201171875 0.794921875 0.02587890625 0.1025390625
0 0.6845703125 0.7001953125 0.0400390625 0.09423828125
0 0.9052734375 0.57373046875 0.04833984375 0.0458984375
0 0.8759765625 0.46875 0.0556640625 0.0498046875
0 0.95458984375 0.47021484375 0.06005859375 0.04736328125
0 0.84423828125 0.4130859375 0.05859375 0.04296875
0 0.9453125 0.419921875 0.04443359375 0.0361328125
0 0.99658203125 0.36181640625 0.0068359375 0.03466796875
0 0.9404296875 0.3583984375 0.06005859375 0.0458984375
0 0.8662109375 0.3564453125 0.0576171875 0.04150390625
0 0.85693359375 0.31103515625 0.0537109375 0.0458984375
0 0.61865234375 0.45263671875 0.02197265625 0.076171875
0 0.5732421875 0.3671875 0.02490234375 0.0888671875
0 0.44970703125 0.56298828125 0.02099609375 0.1015625
0 0.458984375 0.28076171875 0.02490234375 0.1015625
0 0.41357421875 0.17919921875 0.0263671875 0.1025390625
0 0.62939453125 0.0888671875 0.02197265625 0.095703125
0 0.38671875 0.033203125 0.025390625 0.06640625
0 0.3349609375 0.14794921875 0.0341796875 0.091796875
0 0.1708984375 0.45703125 0.05078125 0.04296875
0 0.17333984375 0.5048828125 0.05615234375 0.04736328125
0 0.1748046875 0.56298828125 0.0546875 0.04296875
0 0.1865234375 0.62158203125 0.05615234375 0.05126953125
0 0.1865234375 0.6728515625 0.05859375 0.05126953125
0 0.10107421875 0.50048828125 0.0458984375 0.0390625
0 0.09912109375 0.5556640625 0.0556640625 0.04443359375
0 0.1162109375 0.61328125 0.0595703125 0.052734375
0 0.0986328125 0.666015625 0.06103515625 0.0458984375
0 0.03466796875 0.611328125 0.05859375 0.05419921875
0 0.01806640625 0.55615234375 0.0361328125 0.03759765625
0 0.02392578125 0.66455078125 0.0478515625 0.048828125