1 0.7255859375 0.22802734375 0.0126953125 0.021484375
1 0.73486328125 0.59765625 0.015625 0.0244140625
1 0.23974609375 0.9814453125 0.0107421875 0.0166015625
1 0.232421875 0.91650390625 0.009765625 0.021484375
0 0.54052734375 0.15576171875 0.0244140625 0.0966796875
0 0.50244140625 0.0078125 0.0234375 0.015625
0 0.46337890625 0.0234375 0.0224609375 0.046875
0 0.39013671875 0.201171875 0.029296875 0.103515625
0 0.32275390625 0.29345703125 0.04296875 0.095703125
0 0.09765625 0.412109375 0.0498046875 0.0478515625
0 0.123046875 0.51806640625 0.0576171875 0.0517578125
0 0.04443359375 0.513671875 0.0615234375 0.0498046875
0 0.15283203125 0.57470703125 0.0595703125 0.044921875
0 0.05224609375 0.564453125 0.0458984375 0.0380859375
0 0.00146484375 0.6201171875 0.0029296875 0.03515625
0 0.0546875 0.6259765625 0.0615234375 0.0478515625
0 0.12890625 0.630859375 0.05859375 0.0439453125
0 0.13671875 0.67626953125 0.0556640625 0.0478515625
0 0.3798828125 0.54296875 0.0244140625 0.0771484375
0 0.42236328125 0.63037109375 0.0283203125 0.08984375
0 0.55224609375 0.43896484375 0.0244140625 0.1025390625
0 0.533203125 0.720703125 0.0283203125 0.1025390625
0 0.5751953125 0.82373046875 0.0302734375 0.103515625
0 0.3564453125 0.90625 0.025390625 0.0966796875
0 0.5966796875 0.96826171875 0.02734375 0.0634765625
0 0.65283203125 0.857421875 0.037109375 0.0927734375
0 0.82763671875 0.55419921875 0.052734375 0.044921875
0 0.82666015625 0.50634765625 0.0576171875 0.048828125
0 0.8271484375 0.4482421875 0.056640625 0.044921875
0 0.8173828125 0.3896484375 0.0576171875 0.052734375
0 0.8193359375 0.33837890625 0.060546875 0.0537109375
0 0.89892578125 0.513671875 0.046875 0.041015625
0 0.90234375 0.45849609375 0.0576171875 0.0458984375
0 0.8876953125 0.400390625 0.0615234375 0.0546875
0 0.90673828125 0.34814453125 0.0625 0.0478515625
0 0.96875 0.40478515625 0.060546875 0.056640625
0 0.982421875 0.4609375 0.03515625 0.0390625
0 0.97802734375 0.3515625 0.0439453125 0.05078125