1 0.6748046875 0.19287109375 0.0146484375 0.0224609375
1 0.74853515625 0.55517578125 0.017578125 0.025390625
1 0.30859375 0.95703125 0.01171875 0.0224609375
0 0.47998046875 0.154296875 0.0341796875 0.09765625
0 0.4169921875 0.0146484375 0.0244140625 0.0185546875
0 0.380859375 0.0361328125 0.02734375 0.0498046875
0 0.33984375 0.224609375 0.0400390625 0.10546875
0 0.28955078125 0.32763671875 0.052734375 0.0986328125
0 0.08837890625 0.4833984375 0.0546875 0.0517578125
0 0.1318359375 0.58349609375 0.0625 0.056640625
0 0.05419921875 0.5927734375 0.06640625 0.0556640625
0 0.17138671875 0.6337890625 0.064453125 0.05078125
0 0.0703125 0.64111328125 0.048828125 0.0419921875
0 0.02734375 0.7060546875 0.01171875 0.03515625
0 0.08349609375 0.70166015625 0.0654296875 0.0537109375
0 0.1572265625 0.693359375 0.0625 0.048828125
0 0.1728515625 0.73681640625 0.0595703125 0.052734375
0 0.38916015625 0.5634765625 0.0322265625 0.078125
0 0.44580078125 0.6416015625 0.037109375 0.091796875
0 0.541015625 0.4306640625 0.03515625 0.103515625
0 0.5712890625 0.71142578125 0.0390625 0.1044921875
0 0.63037109375 0.8056640625 0.0400390625 0.10546875
0 0.42919921875 0.92529296875 0.03515625 0.09765625
0 0.67724609375 0.9462890625 0.0341796875 0.0693359375
0 0.71240234375 0.82568359375 0.046875 0.095703125
0 0.83203125 0.49658203125 0.056640625 0.0498046875
0 0.82275390625 0.44970703125 0.0625 0.0546875
0 0.8134765625 0.392578125 0.060546875 0.0498046875
0 0.79345703125 0.3359375 0.0625 0.05859375
0 0.7861328125 0.28515625 0.0654296875 0.05859375
0 0.89501953125 0.44384765625 0.05078125 0.044921875
0 0.88916015625 0.38916015625 0.0615234375 0.0517578125
0 0.8642578125 0.33447265625 0.06640625 0.060546875
0 0.87451171875 0.27978515625 0.06640625 0.0537109375
0 0.9453125 0.3251953125 0.0654296875 0.0615234375
0 0.96923828125 0.37744140625 0.041015625 0.0419921875
0 0.94873046875 0.27099609375 0.0537109375 0.0546875