1 0.21875 0.2333984375 0.01953125 0.025390625
1 0.2744140625 0.67333984375 0.0166015625 0.025390625
1 0.8447265625 0.90625 0.015625 0.0185546875
0 0.01953125 0.474609375 0.0390625 0.0546875
0 0.00390625 0.4248046875 0.0078125 0.048828125
0 0.05712890625 0.40673828125 0.0693359375 0.0615234375
0 0.146484375 0.3828125 0.0673828125 0.0546875
0 0.158203125 0.43896484375 0.0654296875 0.0595703125
0 0.0869140625 0.4609375 0.0712890625 0.060546875
0 0.00927734375 0.53662109375 0.0185546875 0.0419921875
0 0.080078125 0.5224609375 0.068359375 0.060546875
0 0.15234375 0.4990234375 0.0712890625 0.0634765625
0 0.16552734375 0.5595703125 0.068359375 0.056640625
0 0.17138671875 0.60791015625 0.0673828125 0.0537109375
0 0.08935546875 0.5732421875 0.0576171875 0.0556640625
0 0.3955078125 0.8740234375 0.0546875 0.107421875
0 0.43017578125 0.76123046875 0.0458984375 0.1083984375
0 0.42138671875 0.56103515625 0.046875 0.111328125
0 0.45751953125 0.46142578125 0.044921875 0.1015625
0 0.37158203125 0.1298828125 0.0439453125 0.1083984375
0 0.5283203125 0.15966796875 0.044921875 0.10546875
0 0.53515625 0.02880859375 0.037109375 0.0576171875
0 0.46337890625 0.01806640625 0.0283203125 0.0361328125
0 0.609375 0.41357421875 0.0498046875 0.109375
0 0.6943359375 0.3193359375 0.0703125 0.1005859375
0 0.6845703125 0.77783203125 0.037109375 0.0849609375
0 0.654296875 0.93212890625 0.0439453125 0.095703125
0 0.53076171875 0.92919921875 0.048828125 0.11328125
0 0.90283203125 0.62939453125 0.0673828125 0.056640625
0 0.9736328125 0.56103515625 0.052734375 0.0537109375
0 0.9052734375 0.580078125 0.0673828125 0.064453125
0 0.86767578125 0.52099609375 0.0654296875 0.0537109375
0 0.9716796875 0.4921875 0.0517578125 0.0517578125
0 0.96826171875 0.4443359375 0.0634765625 0.052734375
0 0.89111328125 0.45751953125 0.068359375 0.0576171875