1 0.27490234375 0.8154296875 0.015625 0.0224609375
1 0.24560546875 0.373046875 0.0126953125 0.0234375
1 0.7607421875 0.03564453125 0.01318359375 0.0166015625
0 0.0244140625 0.61767578125 0.048828125 0.0458984375
0 0.01416015625 0.6708984375 0.0283203125 0.04443359375
0 0.0830078125 0.67626953125 0.06103515625 0.05126953125
0 0.17529296875 0.6826171875 0.06005859375 0.04443359375
0 0.17626953125 0.625 0.05712890625 0.0498046875
0 0.10205078125 0.6171875 0.0625 0.0498046875
0 0.0087890625 0.55810546875 0.01708984375 0.0390625
0 0.08349609375 0.55810546875 0.06005859375 0.0498046875
0 0.1591796875 0.5673828125 0.0625 0.052734375
0 0.16015625 0.50537109375 0.06103515625 0.0458984375
0 0.15673828125 0.45703125 0.06005859375 0.04296875
0 0.0830078125 0.50634765625 0.04931640625 0.04736328125
0 0.326171875 0.15283203125 0.0361328125 0.1025390625
0 0.3818359375 0.2568359375 0.02587890625 0.10546875
0 0.4111328125 0.455078125 0.0263671875 0.1083984375
0 0.4658203125 0.5458984375 0.0263671875 0.0986328125
0 0.4443359375 0.8876953125 0.0244140625 0.10546875
0 0.5927734375 0.82861328125 0.02587890625 0.1025390625
0 0.6259765625 0.9638671875 0.0234375 0.072265625
0 0.55615234375 0.98193359375 0.02197265625 0.0361328125
0 0.6240234375 0.56396484375 0.0302734375 0.10546875
0 0.72509765625 0.64013671875 0.0537109375 0.091796875
0 0.6279296875 0.19189453125 0.02197265625 0.08203125
0 0.56884765625 0.04638671875 0.0263671875 0.0927734375
0 0.4482421875 0.07275390625 0.0283203125 0.10986328125
0 0.87060546875 0.29638671875 0.0595703125 0.0458984375
0 0.9599609375 0.3486328125 0.0595703125 0.04296875
0 0.8828125 0.34423828125 0.0576171875 0.05419921875
0 0.85693359375 0.4091796875 0.05859375 0.04296875
0 0.96435546875 0.41748046875 0.0439453125 0.04443359375
0 0.97119140625 0.46484375 0.0576171875 0.04296875
0 0.89208984375 0.46728515625 0.06005859375 0.04736328125