1 0.794921875 0.75146484375 0.0205078125 0.025390625
1 0.71630859375 0.3154296875 0.017578125 0.025390625
1 0.134765625 0.1123046875 0.0166015625 0.01953125
0 0.97998046875 0.4990234375 0.0400390625 0.056640625
0 0.947265625 0.5703125 0.0712890625 0.064453125
0 0.859375 0.5986328125 0.0693359375 0.0576171875
0 0.84423828125 0.54296875 0.0673828125 0.0625
0 0.91455078125 0.517578125 0.072265625 0.0634765625
0 0.98876953125 0.43701171875 0.0224609375 0.0419921875
0 0.91796875 0.45556640625 0.0703125 0.0625
0 0.84716796875 0.48291015625 0.0732421875 0.06640625
0 0.8310546875 0.4228515625 0.0703125 0.0595703125
0 0.82275390625 0.37548828125 0.068359375 0.056640625
0 0.90625 0.4052734375 0.0595703125 0.0576171875
0 0.58447265625 0.12109375 0.0595703125 0.1083984375
0 0.5556640625 0.2353515625 0.05078125 0.1083984375
0 0.5751953125 0.43505859375 0.0517578125 0.111328125
0 0.54443359375 0.5361328125 0.0498046875 0.1025390625
0 0.64794921875 0.86279296875 0.048828125 0.1083984375
0 0.4892578125 0.84130859375 0.0498046875 0.10546875
0 0.48974609375 0.97119140625 0.0400390625 0.0576171875
0 0.56201171875 0.98046875 0.0302734375 0.0390625
0 0.39501953125 0.59228515625 0.0546875 0.109375
0 0.3154296875 0.6904296875 0.07421875 0.1025390625
0 0.30126953125 0.23193359375 0.041015625 0.0849609375
0 0.3232421875 0.07666015625 0.0478515625 0.0966796875
0 0.44677734375 0.07275390625 0.0537109375 0.11328125
0 0.09130859375 0.39208984375 0.0693359375 0.05859375
0 0.025390625 0.46435546875 0.05078125 0.0556640625
0 0.0908203125 0.44140625 0.0693359375 0.06640625
0 0.1318359375 0.498046875 0.0673828125 0.0556640625
0 0.029296875 0.5322265625 0.0537109375 0.0537109375
0 0.0341796875 0.580078125 0.06640625 0.0556640625
0 0.11181640625 0.56298828125 0.0693359375 0.060546875