1 0.71728515625 0.9970703125 0.0146484375 0.005859375
1 0.7177734375 0.890625 0.0185546875 0.0263671875
1 0.8408203125 0.134765625 0.015625 0.0224609375
0 0.76806640625 0.1982421875 0.064453125 0.1083984375
0 0.9130859375 0.4873046875 0.0732421875 0.0537109375
0 0.90625 0.5439453125 0.0771484375 0.0556640625
0 0.89794921875 0.61767578125 0.072265625 0.052734375
0 0.87255859375 0.6826171875 0.0703125 0.0546875
0 0.8671875 0.75634765625 0.0771484375 0.0546875
0 0.9814453125 0.55029296875 0.0361328125 0.0439453125
0 0.9736328125 0.61669921875 0.0400390625 0.0478515625
0 0.955078125 0.68896484375 0.064453125 0.0546875
0 0.9609375 0.75634765625 0.041015625 0.048828125
0 0.638671875 0.111328125 0.0380859375 0.125
0 0.5751953125 0.8369140625 0.0400390625 0.11328125
0 0.3701171875 0.7080078125 0.0390625 0.123046875
0 0.31298828125 0.78076171875 0.0439453125 0.1396484375
0 0.255859375 0.77880859375 0.0478515625 0.1162109375
0 0.34814453125 0.49951171875 0.0419921875 0.12890625
0 0.4228515625 0.201171875 0.0341796875 0.095703125
0 0.3818359375 0.09326171875 0.0390625 0.123046875
0 0.0791015625 0.21435546875 0.0751953125 0.0576171875
0 0.06201171875 0.27294921875 0.0732421875 0.05078125
0 0.08447265625 0.349609375 0.0712890625 0.0517578125
0 0.0390625 0.41064453125 0.0703125 0.0556640625