1 0.76953125 0.017578125 0.0126953125 0.0263671875
1 0.75732421875 0.13427734375 0.0166015625 0.025390625
1 0.80078125 0.89892578125 0.0146484375 0.021484375
0 0.73486328125 0.828125 0.0576171875 0.1044921875
0 0.9091796875 0.55615234375 0.0703125 0.048828125
0 0.90869140625 0.4990234375 0.07421875 0.05078125
0 0.908203125 0.4248046875 0.0693359375 0.048828125
0 0.8896484375 0.357421875 0.0673828125 0.0498046875
0 0.89208984375 0.28369140625 0.07421875 0.0498046875
0 0.9833984375 0.49951171875 0.033203125 0.0419921875
0 0.982421875 0.4326171875 0.03515625 0.044921875
0 0.970703125 0.359375 0.05859375 0.05078125
0 0.98291015625 0.29296875 0.0341796875 0.046875
0 0.59765625 0.9013671875 0.029296875 0.1240234375
0 0.6103515625 0.1728515625 0.0322265625 0.1123046875
0 0.392578125 0.279296875 0.03125 0.12109375
0 0.34375 0.201171875 0.0341796875 0.138671875
0 0.28662109375 0.197265625 0.0400390625 0.1142578125
0 0.34912109375 0.48486328125 0.033203125 0.126953125
0 0.39208984375 0.7890625 0.02734375 0.0947265625
0 0.33984375 0.89208984375 0.03125 0.12109375
0 0.05126953125 0.740234375 0.072265625 0.052734375
0 0.04052734375 0.68017578125 0.0703125 0.0458984375
0 0.07080078125 0.6064453125 0.068359375 0.046875
0 0.03271484375 0.5400390625 0.0654296875 0.05078125