1 0.23876953125 0.98681640625 0.0126953125 0.0263671875
1 0.2490234375 0.8701171875 0.0166015625 0.02490234375
1 0.1923828125 0.1064453125 0.01416015625 0.02099609375
0 0.25927734375 0.17626953125 0.0556640625 0.10400390625
0 0.08984375 0.451171875 0.0693359375 0.04736328125
0 0.09130859375 0.50830078125 0.0732421875 0.0498046875
0 0.09326171875 0.58251953125 0.06884765625 0.04736328125
0 0.11279296875 0.6494140625 0.06640625 0.048828125
0 0.11181640625 0.72314453125 0.0732421875 0.048828125
0 0.01611328125 0.50830078125 0.0322265625 0.04150390625
0 0.01806640625 0.5751953125 0.0361328125 0.04443359375
0 0.0302734375 0.6484375 0.06005859375 0.0498046875
0 0.0185546875 0.71533203125 0.037109375 0.0458984375
0 0.3955078125 0.1005859375 0.02734375 0.12353515625
0 0.3955078125 0.8291015625 0.0302734375 0.111328125
0 0.611328125 0.71875 0.02880859375 0.12060546875
0 0.66162109375 0.7958984375 0.0322265625 0.1376953125
0 0.71875 0.798828125 0.03759765625 0.11376953125
0 0.6513671875 0.5126953125 0.03125 0.12646484375
0 0.60302734375 0.208984375 0.02587890625 0.09423828125
0 0.6533203125 0.10498046875 0.02880859375 0.12060546875
0 0.9443359375 0.251953125 0.0712890625 0.05126953125
0 0.9560546875 0.31201171875 0.0693359375 0.04443359375
0 0.92724609375 0.38623046875 0.06787109375 0.0458984375
0 0.966796875 0.451171875 0.06640625 0.0498046875