1 0.23583984375 0.8994140625 0.0185546875 0.03173828125
1 0.17822265625 0.05224609375 0.01416015625 0.029296875
0 0.00537109375 0.732421875 0.0107421875 0.048828125
0 0.09033203125 0.73828125 0.07568359375 0.04736328125
0 0.0927734375 0.666015625 0.0712890625 0.05419921875
0 0.01806640625 0.66064453125 0.0361328125 0.05419921875
0 0.0693359375 0.591796875 0.07568359375 0.05126953125
0 0.0693359375 0.51806640625 0.078125 0.05126953125
0 0.0068359375 0.58251953125 0.01318359375 0.05419921875
0 0.06787109375 0.451171875 0.07177734375 0.052734375
0 0.60986328125 0.83251953125 0.03271484375 0.115234375
0 0.66259765625 0.98583984375 0.0322265625 0.0283203125
0 0.3896484375 0.439453125 0.0361328125 0.1318359375
0 0.21240234375 0.20263671875 0.0625 0.10693359375
0 0.61474609375 0.3818359375 0.0341796875 0.12353515625
0 0.66015625 0.2451171875 0.03369140625 0.138671875
0 0.66845703125 0.544921875 0.0361328125 0.12060546875
0 0.755859375 0.70703125 0.0537109375 0.10693359375
0 0.96484375 0.240234375 0.0703125 0.05419921875
0 0.97119140625 0.302734375 0.0576171875 0.048828125
0 0.94873046875 0.38037109375 0.0712890625 0.05419921875
0 0.978515625 0.45068359375 0.04296875 0.0595703125