1 0.77099609375 0.89453125 0.01953125 0.0322265625
1 0.81396484375 0.046875 0.0146484375 0.029296875
0 0.99609375 0.7236328125 0.0078125 0.048828125
0 0.91357421875 0.73095703125 0.076171875 0.048828125
0 0.91015625 0.65869140625 0.072265625 0.0556640625
0 0.98291015625 0.65234375 0.0341796875 0.0546875
0 0.93212890625 0.58447265625 0.076171875 0.052734375
0 0.93115234375 0.5107421875 0.0791015625 0.052734375
0 0.99365234375 0.5732421875 0.0126953125 0.0546875
0 0.93115234375 0.44384765625 0.072265625 0.0537109375
0 0.39599609375 0.83447265625 0.03515625 0.1162109375
0 0.345703125 0.98681640625 0.033203125 0.0263671875
0 0.609375 0.4375 0.0380859375 0.1328125
0 0.7822265625 0.19775390625 0.064453125 0.1083984375
0 0.38330078125 0.3837890625 0.0361328125 0.1240234375
0 0.33544921875 0.248046875 0.0361328125 0.1396484375
0 0.33251953125 0.5478515625 0.0380859375 0.12109375
0 0.24755859375 0.71142578125 0.0556640625 0.107421875
0 0.033203125 0.24853515625 0.06640625 0.0556640625
0 0.02734375 0.31103515625 0.0546875 0.0498046875
0 0.04931640625 0.38818359375 0.072265625 0.0556640625
0 0.02099609375 0.458984375 0.0419921875 0.060546875