1 0.30908203125 0.060546875 0.0234375 0.0341796875
1 0.10546875 0.88525390625 0.0185546875 0.03125
0 0.05322265625 0.18505859375 0.01953125 0.0498046875
0 0.1376953125 0.1943359375 0.0830078125 0.0595703125
0 0.1279296875 0.265625 0.080078125 0.0654296875
0 0.05322265625 0.25830078125 0.044921875 0.0595703125
0 0.091796875 0.3349609375 0.0830078125 0.0634765625
0 0.0791015625 0.4072265625 0.0859375 0.064453125
0 0.02880859375 0.3330078125 0.0224609375 0.0556640625
0 0.06591796875 0.47314453125 0.080078125 0.064453125
0 0.666015625 0.19140625 0.0517578125 0.119140625
0 0.74462890625 0.0498046875 0.037109375 0.033203125
0 0.380859375 0.54052734375 0.05859375 0.1357421875
0 0.1650390625 0.74267578125 0.080078125 0.1162109375
0 0.59228515625 0.63623046875 0.0546875 0.1279296875
0 0.61328125 0.77880859375 0.0576171875 0.142578125
0 0.673828125 0.48486328125 0.056640625 0.125
0 0.7880859375 0.34033203125 0.0712890625 0.1142578125
0 0.91259765625 0.83642578125 0.0791015625 0.0654296875
0 0.9296875 0.77587890625 0.0654296875 0.0576171875
0 0.9208984375 0.69580078125 0.080078125 0.0654296875
0 0.962890625 0.6318359375 0.052734375 0.06640625