1 0.7099609375 0.955078125 0.021484375 0.03125
1 0.15380859375 0.92138671875 0.01953125 0.02734375
0 0.884765625 0.81591796875 0.0927734375 0.076171875
0 0.8984375 0.73779296875 0.0859375 0.068359375
0 0.9619140625 0.7431640625 0.0205078125 0.056640625
0 0.93115234375 0.666015625 0.0888671875 0.0703125
0 0.94580078125 0.5888671875 0.0908203125 0.068359375
0 0.95654296875 0.52197265625 0.0849609375 0.0625
0 0.896484375 0.27294921875 0.0869140625 0.08203125
0 0.66748046875 0.2333984375 0.056640625 0.1279296875
0 0.56689453125 0.8291015625 0.0546875 0.138671875
0 0.2900390625 0.7265625 0.0546875 0.1279296875
0 0.400390625 0.48291015625 0.0537109375 0.1181640625
0 0.1630859375 0.58642578125 0.078125 0.1142578125
0 0.359375 0.19580078125 0.0537109375 0.1298828125
0 0.4541015625 0.0224609375 0.041015625 0.044921875
0 0.07421875 0.14990234375 0.05859375 0.068359375
0 0.05615234375 0.21435546875 0.041015625 0.0537109375
0 0.05810546875 0.2998046875 0.072265625 0.068359375
0 0.0234375 0.369140625 0.0263671875 0.060546875