1 0.2216796875 0.91650390625 0.01708984375 0.029296875
1 0.77587890625 0.97021484375 0.015625 0.02490234375
0 0.0703125 0.751953125 0.08349609375 0.06396484375
0 0.0693359375 0.67236328125 0.078125 0.05712890625
0 0.005859375 0.66796875 0.01171875 0.0556640625
0 0.04833984375 0.5966796875 0.08056640625 0.05810546875
0 0.0458984375 0.51806640625 0.0830078125 0.0556640625
0 0.0458984375 0.4501953125 0.078125 0.05126953125
0 0.14404296875 0.2138671875 0.0771484375 0.07080078125
0 0.37646484375 0.21044921875 0.03759765625 0.12353515625
0 0.38232421875 0.814453125 0.0341796875 0.134765625
0 0.671875 0.7568359375 0.0361328125 0.12353515625
0 0.60107421875 0.49853515625 0.0361328125 0.11376953125
0 0.8193359375 0.63818359375 0.0625 0.10546875
0 0.6865234375 0.2216796875 0.0341796875 0.12646484375
0 0.62060546875 0.0283203125 0.0322265625 0.056640625
0 0.97509765625 0.220703125 0.0498046875 0.06103515625
0 0.98291015625 0.287109375 0.0341796875 0.048828125
0 0.9677734375 0.37158203125 0.06396484375 0.0595703125
0 0.9912109375 0.4453125 0.01708984375 0.05810546875