1 0.3388671875 0.97412109375 0.0244140625 0.033203125
1 0.88818359375 0.8828125 0.021484375 0.0283203125
0 0.150390625 0.8544921875 0.09765625 0.0830078125
0 0.12841796875 0.77783203125 0.08984375 0.0751953125
0 0.06640625 0.7900390625 0.025390625 0.056640625
0 0.0888671875 0.71044921875 0.0927734375 0.0771484375
0 0.06591796875 0.634765625 0.0947265625 0.0751953125
0 0.04833984375 0.5693359375 0.0888671875 0.0693359375
0 0.08203125 0.31591796875 0.0927734375 0.087890625
0 0.3056640625 0.25244140625 0.068359375 0.12890625
0 0.4677734375 0.833984375 0.068359375 0.138671875
0 0.732421875 0.70361328125 0.06640625 0.12890625
0 0.59716796875 0.47265625 0.064453125 0.119140625
0 0.84423828125 0.55078125 0.087890625 0.1181640625
0 0.60791015625 0.18310546875 0.0654296875 0.130859375
0 0.49462890625 0.0224609375 0.0458984375 0.044921875
0 0.88671875 0.107421875 0.0634765625 0.072265625
0 0.9111328125 0.16943359375 0.0458984375 0.0556640625
0 0.91845703125 0.2548828125 0.0771484375 0.07421875
0 0.96044921875 0.31982421875 0.03125 0.060546875