1 0.2060546875 0.94091796875 0.0234375 0.0390625
1 0.7939453125 0.98583984375 0.02734375 0.0283203125
0 0.98876953125 0.20166015625 0.0224609375 0.0576171875
0 0.98095703125 0.35986328125 0.0380859375 0.06103515625
0 0.90185546875 0.5888671875 0.0732421875 0.08056640625
0 0.67724609375 0.919921875 0.0322265625 0.12060546875
0 0.630859375 0.85888671875 0.03515625 0.1416015625
0 0.677734375 0.45263671875 0.03662109375 0.13330078125
0 0.5966796875 0.1083984375 0.0341796875 0.125
0 0.423828125 0.38330078125 0.0361328125 0.14306640625
0 0.36767578125 0.6376953125 0.0361328125 0.13037109375
0 0.0439453125 0.76513671875 0.08203125 0.0595703125
0 0.0439453125 0.6826171875 0.08203125 0.0595703125
0 0.03125 0.59912109375 0.0625 0.05419921875
0 0.03076171875 0.5146484375 0.0615234375 0.0498046875
0 0.0302734375 0.4453125 0.060546875 0.05859375