1 0.8310546875 0.08642578125 0.0263671875 0.041015625
0 0.01513671875 0.59765625 0.0302734375 0.064453125
0 0.107421875 0.37646484375 0.080078125 0.0869140625
0 0.35986328125 0.06640625 0.04296875 0.123046875
0 0.40087890625 0.130859375 0.0478515625 0.14453125
0 0.31884765625 0.53173828125 0.0478515625 0.1357421875
0 0.36962890625 0.8818359375 0.044921875 0.1279296875
0 0.56591796875 0.623046875 0.048828125 0.1455078125
0 0.64404296875 0.37451171875 0.046875 0.1328125
0 0.966796875 0.275390625 0.06640625 0.06640625
0 0.96337890625 0.357421875 0.0732421875 0.06640625
0 0.970703125 0.44189453125 0.05859375 0.0595703125
0 0.9677734375 0.5263671875 0.064453125 0.0546875
0 0.96337890625 0.59521484375 0.0654296875 0.0634765625