1 0.18359375 0.0751953125 0.025390625 0.0400390625
1 0.76806640625 0.0068359375 0.0283203125 0.013671875
0 0.99560546875 0.7724609375 0.0087890625 0.05859375
0 0.9833984375 0.6142578125 0.033203125 0.0625
0 0.896484375 0.39013671875 0.0771484375 0.083984375
0 0.65478515625 0.0712890625 0.0380859375 0.1220703125
0 0.61181640625 0.134765625 0.04296875 0.1435546875
0 0.68017578125 0.5380859375 0.0439453125 0.134765625
0 0.6171875 0.88623046875 0.041015625 0.126953125
0 0.43017578125 0.62060546875 0.0439453125 0.14453125
0 0.36083984375 0.36962890625 0.04296875 0.1318359375
0 0.03662109375 0.25927734375 0.0732421875 0.0634765625
0 0.03857421875 0.34130859375 0.0771484375 0.0634765625
0 0.02978515625 0.42529296875 0.0595703125 0.0576171875
0 0.03125 0.509765625 0.0625 0.052734375
0 0.03369140625 0.5791015625 0.0634765625 0.0615234375