1 0.158203125 0.947265625 0.0322265625 0.05078125
0 0.3955078125 0.85986328125 0.046875 0.1533203125
0 0.67578125 0.63134765625 0.0419921875 0.1337890625
0 0.99658203125 0.3837890625 0.0068359375 0.06640625
0 0.63671875 0.48583984375 0.0478515625 0.15234375
0 0.71142578125 0.1201171875 0.0458984375 0.138671875
0 0.271484375 0.01416015625 0.044921875 0.0283203125
0 0.02001953125 0.408203125 0.0341796875 0.0673828125
0 0.01904296875 0.4794921875 0.0380859375 0.06640625
0 0.015625 0.5732421875 0.03125 0.060546875
0 0.025390625 0.65576171875 0.05078125 0.0771484375
0 0.02294921875 0.7451171875 0.0458984375 0.068359375