1 0.22412109375 0.982421875 0.0322265625 0.03515625
0 0.44677734375 0.87060546875 0.046875 0.1533203125
0 0.6923828125 0.60546875 0.0419921875 0.1337890625
0 0.9814453125 0.31494140625 0.017578125 0.06640625
0 0.63330078125 0.46728515625 0.0478515625 0.15234375
0 0.65673828125 0.0947265625 0.0458984375 0.138671875
0 0.20458984375 0.0419921875 0.044921875 0.046875
0 0.01416015625 0.47607421875 0.0283203125 0.0673828125
0 0.02001953125 0.54736328125 0.0400390625 0.06640625
0 0.02685546875 0.64013671875 0.0400390625 0.060546875
0 0.04443359375 0.72119140625 0.0654296875 0.0771484375
0 0.0517578125 0.810546875 0.06640625 0.068359375