1 0.1904296875 0.97021484375 0.02880859375 0.048828125
0 0.4208984375 0.8662109375 0.03662109375 0.1513671875
0 0.6845703125 0.61865234375 0.03271484375 0.1318359375
0 0.9931640625 0.34912109375 0.01318359375 0.0654296875
0 0.63525390625 0.4765625 0.03759765625 0.14990234375
0 0.6845703125 0.1064453125 0.0361328125 0.13623046875
0 0.2373046875 0.0224609375 0.0419921875 0.04443359375
0 0.0146484375 0.44189453125 0.029296875 0.0654296875
0 0.01806640625 0.513671875 0.0361328125 0.06396484375
0 0.01806640625 0.60693359375 0.0361328125 0.05810546875
0 0.0302734375 0.68896484375 0.060546875 0.0732421875
0 0.03125 0.7783203125 0.0625 0.06396484375