0 0.044921875 0.42041015625 0.0302734375 0.025390625
0 0.07421875 0.35009765625 0.01171875 0.021484375
0 0.19580078125 0.41015625 0.0361328125 0.029296875
0 0.2099609375 0.3818359375 0.0361328125 0.03125
0 0.2392578125 0.35595703125 0.03515625 0.0263671875
0 0.23974609375 0.41357421875 0.0283203125 0.0244140625
0 0.29345703125 0.361328125 0.0341796875 0.0263671875
0 0.3427734375 0.36181640625 0.0322265625 0.0244140625
0 0.28662109375 0.4189453125 0.0322265625 0.0244140625
0 0.32666015625 0.4208984375 0.0322265625 0.0244140625
0 0.3388671875 0.392578125 0.03125 0.0263671875
0 0.30224609375 0.44921875 0.033203125 0.02734375
0 0.31884765625 0.4775390625 0.0322265625 0.0244140625
0 0.392578125 0.97265625 0.0166015625 0.0361328125
0 0.41259765625 0.98095703125 0.015625 0.0244140625
0 0.48779296875 0.9775390625 0.0185546875 0.044921875
0 0.5224609375 0.853515625 0.021484375 0.05859375
0 0.5390625 0.86083984375 0.01953125 0.056640625
0 0.43017578125 0.83642578125 0.01953125 0.0556640625
0 0.416015625 0.80615234375 0.015625 0.04296875
0 0.470703125 0.77783203125 0.01953125 0.0556640625
0 0.4453125 0.71435546875 0.01953125 0.0537109375
0 0.43017578125 0.6787109375 0.01953125 0.048828125
0 0.5400390625 0.71240234375 0.0166015625 0.0400390625
0 0.53662109375 0.564453125 0.0185546875 0.05078125
0 0.56103515625 0.521484375 0.0185546875 0.0537109375
0 0.45068359375 0.5068359375 0.017578125 0.052734375
0 0.47509765625 0.45654296875 0.0224609375 0.05859375
0 0.5595703125 0.341796875 0.01953125 0.0439453125
0 0.61865234375 0.35986328125 0.0283203125 0.060546875
0 0.59814453125 0.2060546875 0.021484375 0.0595703125
0 0.56298828125 0.208984375 0.0224609375 0.0634765625
0 0.54248046875 0.19482421875 0.0205078125 0.052734375
0 0.568359375 0.13525390625 0.0205078125 0.0556640625
0 0.54931640625 0.1240234375 0.0166015625 0.046875
0 0.517578125 0.25244140625 0.01953125 0.0556640625
0 0.5009765625 0.2265625 0.0205078125 0.0537109375
0 0.4833984375 0.20263671875 0.017578125 0.041015625
0 0.5595703125 0.0478515625 0.0234375 0.0595703125
0 0.73681640625 0.9755859375 0.0205078125 0.048828125
0 0.744140625 0.91455078125 0.01953125 0.052734375
0 0.76953125 0.91748046875 0.0224609375 0.0546875
0 0.8232421875 0.9208984375 0.0205078125 0.05078125
0 0.849609375 0.923828125 0.0205078125 0.056640625
0 0.78466796875 0.9130859375 0.015625 0.0478515625
0 0.67919921875 0.60498046875 0.0341796875 0.0283203125
0 0.6875 0.5791015625 0.0322265625 0.0283203125
0 0.6796875 0.546875 0.0361328125 0.0234375
0 0.7353515625 0.54931640625 0.0283203125 0.0244140625
0 0.779296875 0.55810546875 0.0341796875 0.0263671875
0 0.74267578125 0.5244140625 0.033203125 0.0302734375
0 0.69970703125 0.521484375 0.033203125 0.0302734375
0 0.2763671875 0.49853515625 0.017578125 0.015625