0 0.03857421875 0.5234375 0.02734375 0.0224609375
0 0.05908203125 0.5966796875 0.00927734375 0.02099609375
0 0.18701171875 0.55224609375 0.03369140625 0.02490234375
0 0.19775390625 0.58203125 0.03271484375 0.02783203125
0 0.2236328125 0.611328125 0.0322265625 0.0224609375
0 0.23095703125 0.55419921875 0.0263671875 0.02099609375
0 0.2783203125 0.6123046875 0.03125 0.0224609375
0 0.3271484375 0.6181640625 0.0302734375 0.02099609375
0 0.2783203125 0.55419921875 0.02978515625 0.02099609375
0 0.318359375 0.5576171875 0.02978515625 0.02099609375
0 0.3271484375 0.5869140625 0.0283203125 0.0234375
0 0.29736328125 0.5263671875 0.0302734375 0.0234375
0 0.3173828125 0.5 0.02978515625 0.02099609375
0 0.451171875 0.017578125 0.0126953125 0.03466796875
0 0.4716796875 0.01171875 0.0126953125 0.0234375
0 0.546875 0.02294921875 0.0126953125 0.0458984375
0 0.5654296875 0.15185546875 0.01416015625 0.05712890625
0 0.5830078125 0.146484375 0.0126953125 0.0556640625
0 0.4716796875 0.15771484375 0.01318359375 0.05419921875
0 0.4541015625 0.18603515625 0.0107421875 0.04150390625
0 0.5048828125 0.220703125 0.01318359375 0.05419921875
0 0.4716796875 0.28076171875 0.01318359375 0.052734375
0 0.45263671875 0.31396484375 0.01416015625 0.04736328125
0 0.5654296875 0.2939453125 0.01171875 0.0390625
0 0.54443359375 0.4404296875 0.0126953125 0.0498046875
0 0.56298828125 0.486328125 0.0126953125 0.052734375
0 0.45166015625 0.4873046875 0.01171875 0.05126953125
0 0.47021484375 0.5400390625 0.015625 0.05712890625
0 0.5400390625 0.6640625 0.01416015625 0.04296875
0 0.6005859375 0.6533203125 0.02099609375 0.05810546875
0 0.5615234375 0.8037109375 0.01416015625 0.05810546875
0 0.52685546875 0.79638671875 0.0146484375 0.0625
0 0.5048828125 0.80810546875 0.01416015625 0.05126953125
0 0.5234375 0.8701171875 0.01416015625 0.05419921875
0 0.5029296875 0.87939453125 0.0107421875 0.0458984375
0 0.4873046875 0.748046875 0.01318359375 0.05419921875
0 0.4677734375 0.771484375 0.0146484375 0.052734375
0 0.447265625 0.79296875 0.01318359375 0.0400390625
0 0.50390625 0.9560546875 0.0166015625 0.05810546875
0 0.79345703125 0.05419921875 0.0146484375 0.05126953125
0 0.79296875 0.1181640625 0.01318359375 0.05126953125
0 0.818359375 0.11865234375 0.0166015625 0.052734375
0 0.8720703125 0.12158203125 0.0146484375 0.0498046875
0 0.8984375 0.1220703125 0.01416015625 0.0556640625
0 0.9365234375 0.03759765625 0.01171875 0.03173828125
0 0.8330078125 0.12451171875 0.01025390625 0.04736328125
0 0.69091796875 0.41748046875 0.03125 0.02490234375
0 0.69580078125 0.4443359375 0.02978515625 0.02490234375
0 0.68408203125 0.4755859375 0.03369140625 0.01953125
0 0.73974609375 0.47998046875 0.0263671875 0.02099609375
0 0.7841796875 0.4765625 0.03125 0.0224609375
0 0.74365234375 0.50537109375 0.0302734375 0.0263671875
0 0.70068359375 0.5029296875 0.02978515625 0.0263671875
0 0.27783203125 0.47412109375 0.015625 0.013671875