0 0.955078125 0.42041015625 0.0302734375 0.025390625
0 0.92578125 0.35009765625 0.01171875 0.021484375
0 0.80419921875 0.41015625 0.0361328125 0.029296875
0 0.7900390625 0.3818359375 0.0361328125 0.03125
0 0.7607421875 0.35595703125 0.03515625 0.0263671875
0 0.76025390625 0.41357421875 0.0283203125 0.0244140625
0 0.70654296875 0.361328125 0.0341796875 0.0263671875
0 0.6572265625 0.36181640625 0.0322265625 0.0244140625
0 0.71337890625 0.4189453125 0.0322265625 0.0244140625
0 0.67333984375 0.4208984375 0.0322265625 0.0244140625
0 0.6611328125 0.392578125 0.03125 0.0263671875
0 0.69775390625 0.44921875 0.033203125 0.02734375
0 0.68115234375 0.4775390625 0.0322265625 0.0244140625
0 0.607421875 0.97265625 0.0166015625 0.0361328125
0 0.58740234375 0.98095703125 0.015625 0.0244140625
0 0.51123046875 0.9775390625 0.0185546875 0.044921875
0 0.4775390625 0.853515625 0.021484375 0.05859375
0 0.4609375 0.86083984375 0.01953125 0.056640625
0 0.56982421875 0.83642578125 0.01953125 0.0556640625
0 0.583984375 0.80615234375 0.015625 0.04296875
0 0.529296875 0.77783203125 0.01953125 0.0556640625
0 0.5546875 0.71435546875 0.01953125 0.0537109375
0 0.56982421875 0.6787109375 0.01953125 0.048828125
0 0.4599609375 0.71240234375 0.0166015625 0.0400390625
0 0.46337890625 0.564453125 0.0185546875 0.05078125
0 0.43896484375 0.521484375 0.0185546875 0.0537109375
0 0.54931640625 0.5068359375 0.017578125 0.052734375
0 0.52490234375 0.45654296875 0.0224609375 0.05859375
0 0.4404296875 0.341796875 0.01953125 0.0439453125
0 0.38134765625 0.35986328125 0.0283203125 0.060546875
0 0.40185546875 0.2060546875 0.021484375 0.0595703125
0 0.43701171875 0.208984375 0.0224609375 0.0634765625
0 0.45751953125 0.19482421875 0.0205078125 0.052734375
0 0.431640625 0.13525390625 0.0205078125 0.0556640625
0 0.45068359375 0.1240234375 0.0166015625 0.046875
0 0.482421875 0.25244140625 0.01953125 0.0556640625
0 0.4990234375 0.2265625 0.0205078125 0.0537109375
0 0.5166015625 0.20263671875 0.017578125 0.041015625
0 0.4404296875 0.0478515625 0.0234375 0.0595703125
0 0.26318359375 0.9755859375 0.0205078125 0.048828125
0 0.255859375 0.91455078125 0.01953125 0.052734375
0 0.23046875 0.91748046875 0.0224609375 0.0546875
0 0.1767578125 0.9208984375 0.0205078125 0.05078125
0 0.150390625 0.923828125 0.0205078125 0.056640625
0 0.21533203125 0.9130859375 0.015625 0.0478515625
0 0.32080078125 0.60498046875 0.0341796875 0.0283203125
0 0.3125 0.5791015625 0.0322265625 0.0283203125
0 0.3203125 0.546875 0.0361328125 0.0234375
0 0.2646484375 0.54931640625 0.0283203125 0.0244140625
0 0.220703125 0.55810546875 0.0341796875 0.0263671875
0 0.25732421875 0.5244140625 0.033203125 0.0302734375
0 0.30029296875 0.521484375 0.033203125 0.0302734375
0 0.7236328125 0.49853515625 0.017578125 0.015625