0 0.0478515625 0.5546875 0.01171875 0.01806640625
0 0.0859375 0.52001953125 0.0283203125 0.01953125
0 0.18115234375 0.55078125 0.03271484375 0.01953125
0 0.22509765625 0.55224609375 0.0263671875 0.0234375
0 0.22802734375 0.5810546875 0.03125 0.0224609375
0 0.220703125 0.6103515625 0.03125 0.0224609375
0 0.27392578125 0.55126953125 0.02880859375 0.0224609375
0 0.31396484375 0.49658203125 0.02978515625 0.02099609375
0 0.3076171875 0.5234375 0.03271484375 0.02099609375
0 0.31494140625 0.5556640625 0.02880859375 0.0234375
0 0.32373046875 0.5859375 0.02880859375 0.0234375
0 0.3232421875 0.61669921875 0.03369140625 0.0224609375
0 0.568359375 0.021484375 0.01416015625 0.04296875
0 0.58349609375 0.0849609375 0.01416015625 0.052734375
0 0.4716796875 0.05224609375 0.01416015625 0.0556640625
0 0.44921875 0.0673828125 0.015625 0.06103515625
0 0.5048828125 0.21044921875 0.01416015625 0.05712890625
0 0.4716796875 0.2529296875 0.01318359375 0.052734375
0 0.45263671875 0.2587890625 0.0126953125 0.0390625
0 0.544921875 0.31201171875 0.0126953125 0.05126953125
0 0.564453125 0.37548828125 0.0146484375 0.05126953125
0 0.4716796875 0.38134765625 0.01416015625 0.05126953125
0 0.451171875 0.392578125 0.01318359375 0.0556640625
0 0.53759765625 0.55419921875 0.01318359375 0.04296875
0 0.4482421875 0.58203125 0.01416015625 0.05126953125
0 0.46923828125 0.66259765625 0.01416015625 0.05126953125
0 0.56201171875 0.71044921875 0.0146484375 0.05810546875
0 0.60498046875 0.64990234375 0.02197265625 0.0556640625
0 0.5263671875 0.798828125 0.01416015625 0.0595703125
0 0.5048828125 0.8125 0.01416015625 0.048828125
0 0.52392578125 0.87451171875 0.01318359375 0.052734375
0 0.50439453125 0.884765625 0.01318359375 0.04296875
0 0.484375 0.91064453125 0.0126953125 0.0595703125
0 0.46728515625 0.89794921875 0.015625 0.06103515625
0 0.447265625 0.9541015625 0.0107421875 0.04296875
0 0.5439453125 0.9853515625 0.01318359375 0.029296875
0 0.50341796875 0.9619140625 0.01416015625 0.05810546875
0 0.79833984375 0.04443359375 0.0146484375 0.048828125
0 0.79736328125 0.107421875 0.01416015625 0.0595703125
0 0.8232421875 0.1103515625 0.01416015625 0.0556640625
0 0.8388671875 0.1162109375 0.01025390625 0.0400390625
0 0.85205078125 0.11376953125 0.01318359375 0.04736328125
0 0.87744140625 0.11376953125 0.015625 0.048828125
0 0.904296875 0.115234375 0.01806640625 0.05810546875
0 0.9462890625 0.0263671875 0.01318359375 0.03466796875
0 0.6943359375 0.41259765625 0.03369140625 0.02490234375
0 0.69873046875 0.44091796875 0.03369140625 0.02099609375
0 0.68701171875 0.47216796875 0.03271484375 0.02490234375
0 0.74365234375 0.47705078125 0.0263671875 0.02490234375
0 0.7900390625 0.47412109375 0.02880859375 0.0234375
0 0.7470703125 0.50439453125 0.03369140625 0.02783203125
0 0.7041015625 0.50146484375 0.0322265625 0.0234375
0 0.3056640625 0.45361328125 0.01318359375 0.01123046875