0 0.953125 0.546875 0.01171875 0.0185546875
0 0.91455078125 0.5126953125 0.0283203125 0.0205078125
0 0.81982421875 0.54541015625 0.033203125 0.0205078125
0 0.77587890625 0.54736328125 0.0263671875 0.0234375
0 0.7734375 0.576171875 0.03125 0.0234375
0 0.78125 0.60546875 0.03125 0.0234375
0 0.72705078125 0.54736328125 0.029296875 0.0234375
0 0.68603515625 0.4931640625 0.0302734375 0.021484375
0 0.69287109375 0.52001953125 0.033203125 0.021484375
0 0.68603515625 0.55224609375 0.029296875 0.0244140625
0 0.677734375 0.5830078125 0.029296875 0.0244140625
0 0.6787109375 0.61376953125 0.0341796875 0.0234375
0 0.42333984375 0.02294921875 0.0146484375 0.04296875
0 0.4091796875 0.08642578125 0.0146484375 0.052734375
0 0.5205078125 0.0517578125 0.0146484375 0.0556640625
0 0.54345703125 0.06640625 0.0166015625 0.0615234375
0 0.490234375 0.21044921875 0.015625 0.0576171875
0 0.52392578125 0.25244140625 0.013671875 0.052734375
0 0.54296875 0.2578125 0.013671875 0.0390625
0 0.45166015625 0.31298828125 0.013671875 0.0517578125
0 0.43359375 0.37646484375 0.015625 0.0517578125
0 0.5263671875 0.380859375 0.0146484375 0.0517578125
0 0.546875 0.3916015625 0.013671875 0.0556640625
0 0.46337890625 0.5546875 0.013671875 0.04296875
0 0.55322265625 0.5810546875 0.0146484375 0.0517578125
0 0.53369140625 0.662109375 0.0146484375 0.0517578125
0 0.44189453125 0.71142578125 0.015625 0.05859375
0 0.3974609375 0.65185546875 0.0224609375 0.0556640625
0 0.47900390625 0.79931640625 0.015625 0.0595703125
0 0.50048828125 0.8125 0.0146484375 0.048828125
0 0.482421875 0.875 0.013671875 0.052734375
0 0.50244140625 0.884765625 0.013671875 0.04296875
0 0.52294921875 0.91015625 0.013671875 0.0595703125
0 0.53955078125 0.8974609375 0.0166015625 0.0615234375
0 0.560546875 0.953125 0.01171875 0.04296875
0 0.4638671875 0.9853515625 0.013671875 0.029296875
0 0.5048828125 0.9619140625 0.015625 0.05859375
0 0.19384765625 0.0498046875 0.015625 0.048828125
0 0.19580078125 0.11279296875 0.015625 0.0595703125
0 0.169921875 0.1162109375 0.0146484375 0.0556640625
0 0.154296875 0.1220703125 0.0107421875 0.0400390625
0 0.14111328125 0.1201171875 0.013671875 0.0478515625
0 0.11572265625 0.12060546875 0.0166015625 0.048828125
0 0.0888671875 0.12255859375 0.01953125 0.05859375
0 0.04541015625 0.0341796875 0.013671875 0.03515625
0 0.30419921875 0.416015625 0.0341796875 0.025390625
0 0.30029296875 0.4443359375 0.0341796875 0.021484375
0 0.3125 0.4755859375 0.033203125 0.025390625
0 0.255859375 0.4814453125 0.0263671875 0.025390625
0 0.20947265625 0.47900390625 0.029296875 0.0244140625
0 0.2529296875 0.5087890625 0.0341796875 0.0283203125
0 0.2958984375 0.5048828125 0.0322265625 0.0244140625
0 0.693359375 0.4501953125 0.013671875 0.01171875