0 0.94873046875 0.421875 0.0126953125 0.0185546875
0 0.91259765625 0.45849609375 0.029296875 0.0205078125
0 0.81591796875 0.4326171875 0.0341796875 0.021484375
0 0.77197265625 0.43359375 0.02734375 0.0244140625
0 0.767578125 0.40478515625 0.0322265625 0.0244140625
0 0.77294921875 0.375 0.0322265625 0.0244140625
0 0.72314453125 0.43701171875 0.0302734375 0.0244140625
0 0.68603515625 0.49365234375 0.03125 0.0224609375
0 0.69091796875 0.46630859375 0.0341796875 0.0224609375
0 0.68212890625 0.4345703125 0.0302734375 0.025390625
0 0.67138671875 0.40478515625 0.0302734375 0.025390625
0 0.67041015625 0.3740234375 0.03515625 0.0244140625
0 0.45654296875 0.9794921875 0.0166015625 0.041015625
0 0.4384765625 0.9189453125 0.0166015625 0.0537109375
0 0.5517578125 0.94580078125 0.0166015625 0.056640625
0 0.5732421875 0.92919921875 0.0185546875 0.0615234375
0 0.51025390625 0.78955078125 0.017578125 0.0576171875
0 0.541015625 0.7451171875 0.015625 0.0537109375
0 0.56005859375 0.73828125 0.0146484375 0.0400390625
0 0.46484375 0.68994140625 0.015625 0.0517578125
0 0.4423828125 0.6279296875 0.017578125 0.0517578125
0 0.53466796875 0.6171875 0.0166015625 0.0517578125
0 0.55419921875 0.6044921875 0.015625 0.056640625
0 0.45947265625 0.44775390625 0.015625 0.0439453125
0 0.54736328125 0.41552734375 0.0166015625 0.0517578125
0 0.52197265625 0.3359375 0.0166015625 0.0517578125
0 0.42724609375 0.29296875 0.017578125 0.05859375
0 0.38720703125 0.35595703125 0.0244140625 0.056640625
0 0.4580078125 0.203125 0.017578125 0.060546875
0 0.47900390625 0.18798828125 0.0166015625 0.0498046875
0 0.45654296875 0.12744140625 0.015625 0.0537109375
0 0.4755859375 0.1162109375 0.015625 0.0439453125
0 0.494140625 0.0888671875 0.015625 0.060546875
0 0.51171875 0.10107421875 0.0185546875 0.0615234375
0 0.52880859375 0.0439453125 0.0126953125 0.0439453125
0 0.4306640625 0.017578125 0.0146484375 0.0302734375
0 0.47216796875 0.0390625 0.017578125 0.05859375
0 0.22607421875 0.970703125 0.017578125 0.0498046875
0 0.2236328125 0.90771484375 0.017578125 0.060546875
0 0.19775390625 0.90625 0.0166015625 0.056640625
0 0.181640625 0.90087890625 0.0126953125 0.0400390625
0 0.16845703125 0.904296875 0.015625 0.0478515625
0 0.14306640625 0.9052734375 0.0185546875 0.0498046875
0 0.1162109375 0.9052734375 0.021484375 0.05859375
0 0.07861328125 0.9892578125 0.0146484375 0.021484375
0 0.310546875 0.59765625 0.03515625 0.0263671875
0 0.3046875 0.5693359375 0.03515625 0.0224609375
0 0.31494140625 0.53759765625 0.0341796875 0.0263671875
0 0.2578125 0.53564453125 0.02734375 0.0263671875
0 0.2119140625 0.541015625 0.0302734375 0.025390625
0 0.2529296875 0.50830078125 0.03515625 0.029296875
0 0.2958984375 0.50927734375 0.033203125 0.025390625
0 0.6962890625 0.5361328125 0.013671875 0.01171875