0 0.98193359375 0.4912109375 0.013671875 0.01953125
0 0.87158203125 0.5048828125 0.029296875 0.0244140625
0 0.826171875 0.5380859375 0.0341796875 0.02734375
0 0.78173828125 0.54150390625 0.0302734375 0.029296875
0 0.7314453125 0.54248046875 0.0302734375 0.0244140625
0 0.689453125 0.48828125 0.029296875 0.0244140625
0 0.69091796875 0.51416015625 0.033203125 0.0244140625
0 0.68896484375 0.54736328125 0.033203125 0.0244140625
0 0.7509765625 0.57177734375 0.0322265625 0.029296875
0 0.7880859375 0.6015625 0.033203125 0.0224609375
0 0.734375 0.60546875 0.0341796875 0.0244140625
0 0.68505859375 0.61083984375 0.033203125 0.0263671875
0 0.68408203125 0.57763671875 0.0302734375 0.0263671875
0 0.5615234375 0.6875 0.0146484375 0.0517578125
0 0.4404296875 0.6103515625 0.017578125 0.056640625
0 0.39208984375 0.6435546875 0.025390625 0.0576171875
0 0.5283203125 0.4970703125 0.015625 0.0546875
0 0.54931640625 0.48193359375 0.015625 0.0576171875
0 0.46337890625 0.4345703125 0.015625 0.04296875
0 0.52197265625 0.3662109375 0.015625 0.0556640625
0 0.54443359375 0.34228515625 0.013671875 0.04296875
0 0.4248046875 0.255859375 0.015625 0.0556640625
0 0.44140625 0.16943359375 0.015625 0.052734375
0 0.41552734375 0.04541015625 0.0146484375 0.0478515625
0 0.39697265625 0.03662109375 0.0146484375 0.0556640625
0 0.51611328125 0.11962890625 0.015625 0.05859375
0 0.48486328125 0.2041015625 0.0185546875 0.056640625
0 0.5400390625 0.14013671875 0.0166015625 0.0654296875
0 0.5439453125 0.80078125 0.0166015625 0.0625
0 0.50634765625 0.81591796875 0.015625 0.0546875
0 0.484375 0.8046875 0.0166015625 0.0654296875
0 0.48876953125 0.87890625 0.0166015625 0.0615234375
0 0.46875 0.92626953125 0.0166015625 0.0576171875
0 0.51025390625 0.8896484375 0.0146484375 0.044921875
0 0.5126953125 0.96875 0.017578125 0.0537109375
0 0.29052734375 0.5078125 0.033203125 0.029296875
0 0.24755859375 0.51025390625 0.037109375 0.0263671875
0 0.25244140625 0.48388671875 0.025390625 0.0205078125
0 0.30859375 0.4775390625 0.0341796875 0.0244140625
0 0.2041015625 0.48193359375 0.033203125 0.0263671875
0 0.29541015625 0.4453125 0.03515625 0.0224609375
0 0.2978515625 0.416015625 0.033203125 0.029296875
0 0.17822265625 0.044921875 0.015625 0.0498046875
0 0.18310546875 0.11083984375 0.0166015625 0.05859375
0 0.1572265625 0.11376953125 0.0166015625 0.0576171875
0 0.1416015625 0.11767578125 0.0126953125 0.0517578125
0 0.02734375 0.03076171875 0.0185546875 0.02734375
0 0.0732421875 0.12109375 0.0166015625 0.0615234375
0 0.1005859375 0.12060546875 0.017578125 0.046875
0 0.6689453125 0.42041015625 0.013671875 0.0166015625