0 0.01806640625 0.49951171875 0.0126953125 0.01953125
0 0.12841796875 0.51171875 0.0283203125 0.0244140625
0 0.17431640625 0.54345703125 0.0341796875 0.02734375
0 0.21875 0.54638671875 0.0302734375 0.0283203125
0 0.26904296875 0.546875 0.0302734375 0.0244140625
0 0.31005859375 0.49169921875 0.029296875 0.0244140625
0 0.30908203125 0.517578125 0.0322265625 0.0244140625
0 0.31201171875 0.55029296875 0.033203125 0.0244140625
0 0.25 0.576171875 0.03125 0.0283203125
0 0.2138671875 0.6064453125 0.033203125 0.021484375
0 0.267578125 0.60986328125 0.0341796875 0.0244140625
0 0.31689453125 0.61376953125 0.033203125 0.025390625
0 0.3173828125 0.58056640625 0.0302734375 0.025390625
0 0.44140625 0.6884765625 0.013671875 0.0517578125
0 0.5615234375 0.609375 0.0166015625 0.0556640625
0 0.6103515625 0.6416015625 0.0244140625 0.0576171875
0 0.4716796875 0.49755859375 0.0146484375 0.0546875
0 0.45068359375 0.48291015625 0.0146484375 0.0576171875
0 0.53515625 0.43359375 0.0146484375 0.04296875
0 0.4755859375 0.36669921875 0.0146484375 0.0556640625
0 0.453125 0.3427734375 0.0126953125 0.04296875
0 0.57080078125 0.25439453125 0.0146484375 0.0556640625
0 0.552734375 0.16845703125 0.0146484375 0.052734375
0 0.576171875 0.04443359375 0.013671875 0.0478515625
0 0.59521484375 0.03466796875 0.013671875 0.0556640625
0 0.4775390625 0.1201171875 0.0146484375 0.05859375
0 0.51025390625 0.20361328125 0.017578125 0.0556640625
0 0.45361328125 0.140625 0.015625 0.0654296875
0 0.46142578125 0.8017578125 0.015625 0.0625
0 0.49951171875 0.81591796875 0.0146484375 0.0546875
0 0.52099609375 0.80419921875 0.015625 0.0654296875
0 0.517578125 0.87890625 0.015625 0.0615234375
0 0.53857421875 0.92578125 0.015625 0.0576171875
0 0.49658203125 0.8896484375 0.013671875 0.044921875
0 0.49560546875 0.96875 0.0166015625 0.052734375
0 0.70947265625 0.50390625 0.033203125 0.0283203125
0 0.75244140625 0.505859375 0.037109375 0.025390625
0 0.74755859375 0.4794921875 0.0244140625 0.01953125
0 0.69091796875 0.47412109375 0.0341796875 0.0244140625
0 0.79541015625 0.47705078125 0.0322265625 0.025390625
0 0.70361328125 0.44140625 0.0341796875 0.021484375
0 0.70068359375 0.41259765625 0.0322265625 0.0283203125
0 0.81396484375 0.03955078125 0.0146484375 0.0498046875
0 0.81005859375 0.10546875 0.015625 0.05859375
0 0.8359375 0.10791015625 0.015625 0.0576171875
0 0.8515625 0.111328125 0.01171875 0.0517578125
0 0.96435546875 0.0224609375 0.0185546875 0.0263671875
0 0.919921875 0.11376953125 0.015625 0.0615234375
0 0.892578125 0.11376953125 0.0166015625 0.0458984375
0 0.330078125 0.42333984375 0.013671875 0.0166015625