0 0.01806640625 0.5078125 0.0126953125 0.01953125
0 0.12890625 0.51806640625 0.0283203125 0.0234375
0 0.17529296875 0.54931640625 0.03369140625 0.0263671875
0 0.2197265625 0.55126953125 0.02978515625 0.02783203125
0 0.27001953125 0.55078125 0.02978515625 0.0234375
0 0.31005859375 0.4951171875 0.02880859375 0.0234375
0 0.3095703125 0.52099609375 0.0322265625 0.0234375
0 0.31298828125 0.5537109375 0.03271484375 0.0234375
0 0.25146484375 0.58056640625 0.03125 0.02783203125
0 0.2158203125 0.611328125 0.03271484375 0.02099609375
0 0.26953125 0.61376953125 0.03369140625 0.0234375
0 0.31884765625 0.6171875 0.03271484375 0.02490234375
0 0.31884765625 0.583984375 0.02978515625 0.02490234375
0 0.44482421875 0.689453125 0.01318359375 0.05126953125
0 0.5634765625 0.6083984375 0.015625 0.0556640625
0 0.61279296875 0.6396484375 0.0234375 0.05712890625
0 0.4716796875 0.498046875 0.01416015625 0.05419921875
0 0.4501953125 0.48388671875 0.01318359375 0.05712890625
0 0.5341796875 0.43310546875 0.01416015625 0.04296875
0 0.47314453125 0.3671875 0.01416015625 0.0556640625
0 0.4501953125 0.34375 0.01171875 0.04296875
0 0.56640625 0.25341796875 0.01416015625 0.0556640625
0 0.546875 0.16748046875 0.01416015625 0.052734375
0 0.568359375 0.04296875 0.0126953125 0.04736328125
0 0.5869140625 0.033203125 0.0126953125 0.0556640625
0 0.470703125 0.12060546875 0.01318359375 0.05810546875
0 0.5048828125 0.20361328125 0.01708984375 0.0556640625
0 0.447265625 0.1416015625 0.01416015625 0.0654296875
0 0.466796875 0.80224609375 0.0146484375 0.0625
0 0.5048828125 0.81591796875 0.01416015625 0.05419921875
0 0.5263671875 0.8037109375 0.0146484375 0.0654296875
0 0.5244140625 0.87841796875 0.01416015625 0.06103515625
0 0.5458984375 0.9248046875 0.01416015625 0.05712890625
0 0.50341796875 0.8896484375 0.01318359375 0.04443359375
0 0.50390625 0.96875 0.015625 0.052734375
0 0.70947265625 0.50048828125 0.03271484375 0.02783203125
0 0.75244140625 0.50146484375 0.03662109375 0.02490234375
0 0.7470703125 0.47509765625 0.0244140625 0.01953125
0 0.6904296875 0.470703125 0.03369140625 0.0234375
0 0.794921875 0.4716796875 0.0322265625 0.02490234375
0 0.70263671875 0.43798828125 0.0341796875 0.02099609375
0 0.69921875 0.4091796875 0.0322265625 0.02783203125
0 0.8056640625 0.0341796875 0.01416015625 0.0498046875
0 0.80322265625 0.10009765625 0.0146484375 0.05810546875
0 0.8291015625 0.10205078125 0.01416015625 0.05712890625
0 0.8447265625 0.10546875 0.0107421875 0.05126953125
0 0.9560546875 0.0146484375 0.01806640625 0.0263671875
0 0.9130859375 0.1064453125 0.0146484375 0.06103515625
0 0.8857421875 0.10693359375 0.015625 0.0458984375
0 0.32861328125 0.42626953125 0.01318359375 0.0166015625