0 0.1650390625 0.51513671875 0.02880859375 0.0234375
0 0.171875 0.548828125 0.03515625 0.0234375
0 0.21484375 0.55078125 0.0283203125 0.02490234375
0 0.21240234375 0.611328125 0.0341796875 0.029296875
0 0.26513671875 0.5498046875 0.02978515625 0.0224609375
0 0.265625 0.58251953125 0.03369140625 0.02783203125
0 0.30615234375 0.4931640625 0.03271484375 0.0263671875
0 0.3076171875 0.52001953125 0.0341796875 0.0224609375
0 0.3076171875 0.552734375 0.03369140625 0.02099609375
0 0.3173828125 0.5849609375 0.02978515625 0.02783203125
0 0.31640625 0.6181640625 0.0322265625 0.0263671875
0 0.4697265625 0.01123046875 0.01318359375 0.0224609375
0 0.5478515625 0.01611328125 0.01318359375 0.03173828125
0 0.58984375 0.01025390625 0.01171875 0.0205078125
0 0.56689453125 0.1181640625 0.01318359375 0.0595703125
0 0.505859375 0.19580078125 0.01318359375 0.05810546875
0 0.47021484375 0.2099609375 0.01318359375 0.0556640625
0 0.4462890625 0.2255859375 0.01416015625 0.0595703125
0 0.53369140625 0.29638671875 0.01171875 0.0390625
0 0.4501953125 0.43798828125 0.0107421875 0.04296875
0 0.47509765625 0.49365234375 0.015625 0.0595703125
0 0.56396484375 0.50048828125 0.01708984375 0.05712890625
0 0.5458984375 0.4755859375 0.00634765625 0.0234375
0 0.4482421875 0.58251953125 0.01416015625 0.0556640625
0 0.4697265625 0.62841796875 0.01416015625 0.048828125
0 0.6240234375 0.62451171875 0.0263671875 0.048828125
0 0.52734375 0.8056640625 0.0146484375 0.06396484375
0 0.54736328125 0.8359375 0.01318359375 0.0556640625
0 0.5634765625 0.9375 0.01416015625 0.0625
0 0.52490234375 0.88525390625 0.0146484375 0.0556640625
0 0.5048828125 0.8203125 0.0146484375 0.052734375
0 0.50439453125 0.89599609375 0.0107421875 0.04296875
0 0.50341796875 0.9736328125 0.01416015625 0.052734375
0 0.46435546875 0.9501953125 0.01416015625 0.05810546875
0 0.443359375 0.80615234375 0.0146484375 0.05126953125
0 0.8115234375 0.02490234375 0.01416015625 0.0498046875
0 0.80859375 0.09033203125 0.0146484375 0.05810546875
0 0.8369140625 0.09033203125 0.01416015625 0.05810546875
0 0.8525390625 0.0986328125 0.0126953125 0.04443359375
0 0.8662109375 0.0986328125 0.015625 0.04296875
0 0.89453125 0.09326171875 0.01416015625 0.05712890625
0 0.9228515625 0.09423828125 0.0166015625 0.0556640625
0 0.7021484375 0.40625 0.03369140625 0.02490234375
0 0.70703125 0.43408203125 0.02978515625 0.0234375
0 0.6943359375 0.46728515625 0.03125 0.0263671875
0 0.712890625 0.49951171875 0.03125 0.0224609375
0 0.75341796875 0.47021484375 0.0283203125 0.0234375
0 0.75830078125 0.50048828125 0.0322265625 0.02490234375
0 0.80078125 0.470703125 0.03125 0.0234375
0 0.337890625 0.39990234375 0.01171875 0.01953125