0 0.1650390625 0.50927734375 0.029296875 0.0244140625
0 0.1708984375 0.54296875 0.03515625 0.0244140625
0 0.2138671875 0.5458984375 0.0283203125 0.025390625
0 0.21044921875 0.6064453125 0.03515625 0.0302734375
0 0.26416015625 0.5458984375 0.0302734375 0.0234375
0 0.26416015625 0.57861328125 0.0341796875 0.0283203125
0 0.30615234375 0.48974609375 0.033203125 0.02734375
0 0.30712890625 0.5166015625 0.0341796875 0.0234375
0 0.306640625 0.54931640625 0.0341796875 0.021484375
0 0.31591796875 0.58154296875 0.0302734375 0.0283203125
0 0.314453125 0.61474609375 0.0322265625 0.02734375
0 0.4775390625 0.0107421875 0.013671875 0.021484375
0 0.55615234375 0.01708984375 0.013671875 0.0322265625
0 0.59814453125 0.01171875 0.01171875 0.0205078125
0 0.57373046875 0.11962890625 0.0146484375 0.0595703125
0 0.51123046875 0.19580078125 0.0146484375 0.05859375
0 0.47509765625 0.20947265625 0.013671875 0.0556640625
0 0.451171875 0.224609375 0.015625 0.0595703125
0 0.537109375 0.296875 0.0126953125 0.0390625
0 0.451171875 0.43701171875 0.01171875 0.04296875
0 0.47509765625 0.4931640625 0.0166015625 0.0595703125
0 0.56396484375 0.50146484375 0.0185546875 0.0576171875
0 0.54638671875 0.4765625 0.0068359375 0.0234375
0 0.44677734375 0.58154296875 0.0146484375 0.0556640625
0 0.46728515625 0.6279296875 0.0146484375 0.048828125
0 0.6220703125 0.62646484375 0.02734375 0.048828125
0 0.52197265625 0.80615234375 0.015625 0.064453125
0 0.54150390625 0.8369140625 0.013671875 0.0556640625
0 0.5556640625 0.9384765625 0.015625 0.0625
0 0.51806640625 0.8857421875 0.015625 0.0556640625
0 0.49951171875 0.8203125 0.015625 0.052734375
0 0.49755859375 0.89599609375 0.01171875 0.04296875
0 0.4951171875 0.9736328125 0.0146484375 0.052734375
0 0.45654296875 0.94970703125 0.015625 0.05859375
0 0.43798828125 0.80517578125 0.015625 0.0517578125
0 0.81982421875 0.0302734375 0.0146484375 0.0498046875
0 0.81591796875 0.095703125 0.015625 0.05859375
0 0.84423828125 0.09619140625 0.015625 0.05859375
0 0.859375 0.10498046875 0.013671875 0.044921875
0 0.873046875 0.10498046875 0.0166015625 0.04296875
0 0.9013671875 0.10009765625 0.015625 0.0576171875
0 0.9296875 0.1015625 0.017578125 0.0556640625
0 0.70361328125 0.40966796875 0.0341796875 0.025390625
0 0.7080078125 0.4375 0.0302734375 0.0244140625
0 0.69482421875 0.470703125 0.03125 0.02734375
0 0.712890625 0.50341796875 0.03125 0.0234375
0 0.75390625 0.474609375 0.0283203125 0.0244140625
0 0.75830078125 0.5048828125 0.0322265625 0.025390625
0 0.80126953125 0.47607421875 0.03125 0.0244140625
0 0.33984375 0.39697265625 0.01171875 0.01953125