0 0.16552734375 0.47412109375 0.03125 0.0263671875
0 0.16845703125 0.50830078125 0.0380859375 0.02734375
0 0.2109375 0.515625 0.03125 0.0283203125
0 0.201171875 0.57568359375 0.037109375 0.033203125
0 0.2607421875 0.52099609375 0.0322265625 0.0263671875
0 0.25732421875 0.55322265625 0.037109375 0.03125
0 0.30859375 0.4697265625 0.0361328125 0.0302734375
0 0.306640625 0.49658203125 0.037109375 0.0263671875
0 0.302734375 0.52880859375 0.0361328125 0.025390625
0 0.30859375 0.56201171875 0.033203125 0.03125
0 0.30322265625 0.5947265625 0.03515625 0.0302734375
0 0.529296875 0.01123046875 0.015625 0.0224609375
0 0.6064453125 0.025390625 0.0166015625 0.033203125
0 0.64892578125 0.02490234375 0.013671875 0.021484375
0 0.61279296875 0.12939453125 0.0205078125 0.060546875
0 0.54296875 0.19873046875 0.0205078125 0.0595703125
0 0.505859375 0.20849609375 0.01953125 0.056640625
0 0.47998046875 0.22119140625 0.021484375 0.060546875
0 0.55810546875 0.30224609375 0.0166015625 0.0400390625
0 0.4580078125 0.4326171875 0.015625 0.0439453125
0 0.47607421875 0.49072265625 0.0224609375 0.060546875
0 0.5634765625 0.50830078125 0.0234375 0.05859375
0 0.54833984375 0.4814453125 0.0087890625 0.0244140625
0 0.4384765625 0.57568359375 0.0205078125 0.056640625
0 0.4541015625 0.62353515625 0.01953125 0.0498046875
0 0.60791015625 0.638671875 0.0322265625 0.0517578125
0 0.48974609375 0.806640625 0.0224609375 0.0654296875
0 0.505859375 0.83935546875 0.01953125 0.056640625
0 0.509765625 0.94189453125 0.021484375 0.0634765625
0 0.4775390625 0.88525390625 0.021484375 0.056640625
0 0.4658203125 0.818359375 0.0205078125 0.0537109375
0 0.4560546875 0.8935546875 0.015625 0.0439453125
0 0.44580078125 0.970703125 0.0205078125 0.0537109375
0 0.40966796875 0.9423828125 0.021484375 0.0595703125
0 0.40625 0.796875 0.0205078125 0.052734375
0 0.8671875 0.06640625 0.0205078125 0.05078125
0 0.8564453125 0.130859375 0.021484375 0.0595703125
0 0.88427734375 0.13427734375 0.021484375 0.0595703125
0 0.89892578125 0.14453125 0.017578125 0.0458984375
0 0.91259765625 0.146484375 0.0205078125 0.044921875
0 0.94091796875 0.14453125 0.021484375 0.05859375
0 0.96923828125 0.14892578125 0.0234375 0.0576171875
0 0.7119140625 0.431640625 0.0361328125 0.029296875
0 0.71337890625 0.4599609375 0.0322265625 0.02734375
0 0.69677734375 0.4912109375 0.0341796875 0.0302734375
0 0.71142578125 0.525390625 0.0341796875 0.0263671875
0 0.75537109375 0.50146484375 0.03125 0.0263671875
0 0.75634765625 0.53173828125 0.03515625 0.0283203125
0 0.80224609375 0.5078125 0.0341796875 0.02734375
0 0.35107421875 0.380859375 0.013671875 0.0205078125