0 0.537109375 0.138671875 0.06005859375 0.04443359375
0 0.94677734375 0.24755859375 0.1064453125 0.3203125
1 0.04931640625 0.93408203125 0.03466796875 0.03076171875
1 0.0244140625 0.64697265625 0.0263671875 0.02783203125
1 0.01171875 0.9169921875 0.02294921875 0.029296875
1 0.06689453125 0.65185546875 0.025390625 0.048828125
1 0.1416015625 0.65673828125 0.02392578125 0.04296875
1 0.123046875 0.4482421875 0.0302734375 0.03466796875
1 0.15283203125 0.48291015625 0.03076171875 0.033203125
1 0.25439453125 0.8662109375 0.0302734375 0.0458984375
1 0.3232421875 0.9716796875 0.01953125 0.03076171875
1 0.5712890625 0.9755859375 0.0166015625 0.02978515625