0 0.44384765625 0.85888671875 0.0625 0.0478515625
0 0.05078125 0.72802734375 0.1015625 0.3251953125
1 0.97265625 0.09033203125 0.0361328125 0.0322265625
1 0.982421875 0.3779296875 0.02734375 0.029296875
1 0.9404296875 0.37109375 0.0283203125 0.0498046875
1 0.8662109375 0.3623046875 0.0263671875 0.0439453125
1 0.87353515625 0.5712890625 0.0322265625 0.0361328125
1 0.845703125 0.53515625 0.0322265625 0.03515625
1 0.7646484375 0.14697265625 0.0322265625 0.0478515625
1 0.701171875 0.0380859375 0.021484375 0.0322265625
1 0.45361328125 0.021484375 0.0185546875 0.0302734375