0 0.48193359375 0.13720703125 0.0625 0.0478515625
0 0.06689453125 0.224609375 0.123046875 0.3251953125
1 0.92724609375 0.95703125 0.0361328125 0.0322265625
1 0.96728515625 0.671875 0.02734375 0.029296875
1 0.9658203125 0.94189453125 0.0244140625 0.0302734375
1 0.9248046875 0.67431640625 0.0283203125 0.0498046875
1 0.849609375 0.67529296875 0.0263671875 0.0439453125
1 0.87890625 0.46826171875 0.0322265625 0.0361328125
1 0.84765625 0.5009765625 0.0322265625 0.03515625
1 0.72607421875 0.87841796875 0.0322265625 0.0478515625
1 0.65185546875 0.98046875 0.021484375 0.0322265625
1 0.40380859375 0.97119140625 0.0185546875 0.0302734375