0 0.29443359375 0.60595703125 0.05859375 0.0537109375
0 0.8251953125 0.1474609375 0.0537109375 0.1142578125
0 0.7529296875 0.3671875 0.0654296875 0.0546875
0 0.9755859375 0.48876953125 0.048828125 0.0556640625
0 0.9072265625 0.4951171875 0.0771484375 0.064453125
0 0.82958984375 0.51123046875 0.07421875 0.05859375
0 0.7646484375 0.52490234375 0.0703125 0.05859375
0 0.984375 0.71142578125 0.03125 0.1318359375
0 0.95947265625 0.72216796875 0.0546875 0.1240234375
0 0.92333984375 0.7314453125 0.0517578125 0.115234375
0 0.8837890625 0.73681640625 0.0546875 0.1279296875
0 0.845703125 0.74755859375 0.0498046875 0.1064453125
1 0.75244140625 0.763671875 0.0205078125 0.02734375