0 0.27490234375 0.447265625 0.0556640625 0.0498046875
0 0.90087890625 0.76318359375 0.0458984375 0.1123046875
0 0.77734375 0.56787109375 0.0625 0.05078125
0 0.9677734375 0.39501953125 0.0537109375 0.052734375
0 0.89599609375 0.40625 0.07421875 0.0595703125
0 0.81689453125 0.40966796875 0.0712890625 0.0546875
0 0.75048828125 0.412109375 0.0673828125 0.0537109375
0 0.9658203125 0.16796875 0.0234375 0.1171875
0 0.93115234375 0.17431640625 0.0478515625 0.130859375
0 0.89208984375 0.1728515625 0.046875 0.1220703125
0 0.8544921875 0.1728515625 0.044921875 0.1142578125
0 0.81494140625 0.17724609375 0.046875 0.1259765625
0 0.775390625 0.17578125 0.04296875 0.10546875
1 0.68115234375 0.18310546875 0.01953125 0.0263671875