0 0.2802734375 0.572265625 0.05224609375 0.0458984375
0 0.87646484375 0.20263671875 0.03662109375 0.10986328125
0 0.7705078125 0.408203125 0.05859375 0.0458984375
0 0.97509765625 0.56396484375 0.0498046875 0.048828125
0 0.90283203125 0.55908203125 0.0693359375 0.05419921875
0 0.82373046875 0.5625 0.0673828125 0.048828125
0 0.75732421875 0.56591796875 0.0634765625 0.048828125
0 0.9931640625 0.7900390625 0.01318359375 0.11669921875
0 0.9580078125 0.78662109375 0.03662109375 0.1279296875
0 0.9189453125 0.79150390625 0.03662109375 0.11962890625
0 0.8818359375 0.794921875 0.03515625 0.111328125
0 0.841796875 0.7939453125 0.0361328125 0.12353515625
0 0.802734375 0.798828125 0.0341796875 0.1025390625
1 0.7080078125 0.7998046875 0.01708984375 0.02490234375