0 0.72802734375 0.46044921875 0.060546875 0.0517578125
0 0.0859375 0.7412109375 0.05078125 0.1171875
0 0.21923828125 0.5517578125 0.0693359375 0.05859375
0 0.25390625 0.3974609375 0.0703125 0.0576171875
0 0.1865234375 0.39306640625 0.0693359375 0.05859375
0 0.10986328125 0.38232421875 0.07421875 0.0634765625
0 0.03955078125 0.37158203125 0.05859375 0.056640625
0 0.05322265625 0.14013671875 0.03125 0.123046875
0 0.08642578125 0.1533203125 0.0556640625 0.1337890625
0 0.12548828125 0.15283203125 0.05078125 0.1259765625
0 0.162109375 0.15380859375 0.0517578125 0.115234375
0 0.20263671875 0.15625 0.052734375 0.1259765625
0 0.24169921875 0.15673828125 0.0517578125 0.115234375
1 0.3369140625 0.171875 0.0185546875 0.0234375