0 0.27978515625 0.57080078125 0.0546875 0.04443359375
0 0.87646484375 0.20361328125 0.03515625 0.11376953125
0 0.77099609375 0.40966796875 0.0634765625 0.0498046875
0 0.7578125 0.5673828125 0.06396484375 0.048828125
0 0.8251953125 0.5625 0.0634765625 0.0498046875
0 0.90283203125 0.56201171875 0.0673828125 0.05419921875
0 0.9736328125 0.56298828125 0.05224609375 0.0498046875
0 0.99267578125 0.7939453125 0.0146484375 0.1220703125
0 0.9580078125 0.78564453125 0.03759765625 0.12939453125
0 0.9189453125 0.79150390625 0.0341796875 0.1220703125
0 0.8828125 0.7958984375 0.0361328125 0.111328125
0 0.84228515625 0.798828125 0.0361328125 0.1220703125
0 0.8037109375 0.8037109375 0.03662109375 0.111328125
1 0.70703125 0.80224609375 0.015625 0.02099609375