0 0.71875 0.42529296875 0.0556640625 0.044921875
0 0.12890625 0.802734375 0.037109375 0.1142578125
0 0.23046875 0.59521484375 0.064453125 0.05078125
0 0.2412109375 0.43701171875 0.064453125 0.0498046875
0 0.173828125 0.443359375 0.064453125 0.05078125
0 0.09619140625 0.44482421875 0.068359375 0.0556640625
0 0.02587890625 0.4453125 0.0517578125 0.05078125
0 0.00537109375 0.21435546875 0.0107421875 0.1220703125
0 0.037109375 0.22216796875 0.0400390625 0.1298828125
0 0.076171875 0.2158203125 0.0361328125 0.123046875
0 0.1123046875 0.2109375 0.0380859375 0.1123046875
0 0.15234375 0.20703125 0.0380859375 0.123046875
0 0.19091796875 0.20166015625 0.0380859375 0.1123046875
1 0.28759765625 0.201171875 0.015625 0.021484375