0 0.28466796875 0.58154296875 0.0517578125 0.04296875
0 0.5703125 0.77783203125 0.041015625 0.1240234375
0 0.85888671875 0.18359375 0.0419921875 0.1142578125
0 0.765625 0.3955078125 0.060546875 0.0478515625
0 0.7607421875 0.5537109375 0.06640625 0.052734375
0 0.82763671875 0.54541015625 0.0693359375 0.0498046875
0 0.90625 0.541015625 0.0703125 0.0546875
0 0.97412109375 0.53515625 0.0517578125 0.056640625
0 0.81787109375 0.78515625 0.03515625 0.10546875
0 0.85546875 0.7734375 0.0400390625 0.115234375
0 0.89599609375 0.77197265625 0.04296875 0.1201171875
0 0.93115234375 0.76806640625 0.0400390625 0.1181640625
0 0.97216796875 0.76318359375 0.0439453125 0.126953125
1 0.72119140625 0.78955078125 0.013671875 0.0244140625