0 0.716796875 0.578125 0.05078125 0.0419921875
0 0.4345703125 0.779296875 0.0390625 0.123046875
0 0.1357421875 0.18994140625 0.0400390625 0.11328125
0 0.23291015625 0.400390625 0.060546875 0.046875
0 0.240234375 0.55810546875 0.0654296875 0.0517578125
0 0.17333984375 0.55126953125 0.0693359375 0.0478515625
0 0.0947265625 0.5478515625 0.0693359375 0.0537109375
0 0.025390625 0.54345703125 0.05078125 0.0556640625
0 0.18701171875 0.79052734375 0.033203125 0.1044921875
0 0.1494140625 0.779296875 0.0380859375 0.115234375
0 0.10888671875 0.77880859375 0.041015625 0.119140625
0 0.07373046875 0.775390625 0.0380859375 0.1181640625
0 0.03271484375 0.771484375 0.0419921875 0.1259765625
0 0.00341796875 0.7763671875 0.0068359375 0.12109375
1 0.2841796875 0.79345703125 0.013671875 0.0234375