0 0.28076171875 0.5703125 0.0498046875 0.0400390625
0 0.5556640625 0.78125 0.03515625 0.1220703125
0 0.875 0.20263671875 0.0361328125 0.1123046875
0 0.7705078125 0.40966796875 0.05859375 0.04443359375
0 0.7578125 0.5673828125 0.0634765625 0.0498046875
0 0.82470703125 0.5625 0.0673828125 0.0458984375
0 0.9033203125 0.56201171875 0.06787109375 0.05126953125
0 0.9736328125 0.560546875 0.05224609375 0.05419921875
0 0.802734375 0.80126953125 0.02978515625 0.10400390625
0 0.8408203125 0.79150390625 0.03369140625 0.11376953125
0 0.88134765625 0.79248046875 0.03662109375 0.1181640625
0 0.91650390625 0.7900390625 0.03369140625 0.11669921875
0 0.95751953125 0.78759765625 0.03759765625 0.125
0 0.99267578125 0.7939453125 0.0146484375 0.12060546875
1 0.70556640625 0.80078125 0.0126953125 0.0234375