0 0.69873046875 0.3837890625 0.060546875 0.0556640625
0 0.54296875 0.3359375 0.056640625 0.12109375
0 0.4921875 0.2978515625 0.060546875 0.134765625
0 0.326171875 0.1904296875 0.0537109375 0.119140625
0 0.42529296875 0.6435546875 0.0517578125 0.119140625
0 0.25537109375 0.64453125 0.0654296875 0.0615234375
0 0.19287109375 0.86669921875 0.056640625 0.1142578125
0 0.02734375 0.53759765625 0.0546875 0.0654296875
0 0.09423828125 0.5224609375 0.078125 0.0673828125
0 0.169921875 0.50634765625 0.0751953125 0.0654296875
0 0.23486328125 0.490234375 0.0732421875 0.0615234375
0 0.01171875 0.31396484375 0.0234375 0.1318359375
0 0.03125 0.3017578125 0.060546875 0.1298828125
0 0.06640625 0.2880859375 0.0615234375 0.123046875
0 0.10498046875 0.28271484375 0.060546875 0.1298828125
0 0.14111328125 0.2705078125 0.0546875 0.115234375
1 0.23681640625 0.25146484375 0.0185546875 0.02734375