0 0.28125 0.572265625 0.05224609375 0.0458984375
0 0.423828125 0.6513671875 0.03271484375 0.11669921875
0 0.4658203125 0.69921875 0.03369140625 0.13037109375
0 0.60546875 0.8388671875 0.0302734375 0.115234375
0 0.60302734375 0.375 0.02880859375 0.115234375
0 0.76953125 0.40966796875 0.05615234375 0.05126953125
0 0.87646484375 0.205078125 0.0341796875 0.10986328125
0 0.9736328125 0.56201171875 0.05224609375 0.0556640625
0 0.9013671875 0.5625 0.06787109375 0.05419921875
0 0.82421875 0.5625 0.0654296875 0.052734375
0 0.75732421875 0.564453125 0.06494140625 0.048828125
0 0.9912109375 0.7939453125 0.01708984375 0.11962890625
0 0.9580078125 0.78759765625 0.0380859375 0.12646484375
0 0.91748046875 0.79150390625 0.03515625 0.125
0 0.8798828125 0.79736328125 0.0380859375 0.1181640625
0 0.84130859375 0.794921875 0.03515625 0.125
0 0.80322265625 0.79931640625 0.03271484375 0.111328125
1 0.70556640625 0.7978515625 0.01318359375 0.02490234375