0 0.28369140625 0.419921875 0.0537109375 0.0478515625
0 0.42919921875 0.34619140625 0.037109375 0.1181640625
0 0.47265625 0.2998046875 0.0380859375 0.1318359375
0 0.6171875 0.1650390625 0.0341796875 0.1162109375
0 0.5986328125 0.62841796875 0.033203125 0.1162109375
0 0.76611328125 0.599609375 0.0576171875 0.052734375
0 0.86572265625 0.80810546875 0.0380859375 0.111328125
0 0.97412109375 0.45458984375 0.0517578125 0.0576171875
0 0.9033203125 0.45166015625 0.0693359375 0.056640625
0 0.826171875 0.44873046875 0.0673828125 0.0546875
0 0.75927734375 0.4443359375 0.06640625 0.05078125
0 0.9951171875 0.22314453125 0.009765625 0.1201171875
0 0.9677734375 0.228515625 0.0419921875 0.1279296875
0 0.92724609375 0.22314453125 0.0390625 0.1259765625
0 0.89013671875 0.21630859375 0.0419921875 0.119140625
0 0.8515625 0.21728515625 0.0390625 0.1259765625
0 0.8134765625 0.21142578125 0.0361328125 0.1123046875
1 0.7158203125 0.20947265625 0.013671875 0.025390625