0 0.2802734375 0.5712890625 0.0537109375 0.048828125
0 0.42431640625 0.2451171875 0.03125 0.1015625
0 0.46826171875 0.31201171875 0.0341796875 0.1220703125
0 0.603515625 0.07373046875 0.03125 0.11669921875
0 0.60595703125 0.57861328125 0.03271484375 0.1123046875
0 0.5595703125 0.93603515625 0.0322265625 0.1181640625
0 0.7587890625 0.56689453125 0.0654296875 0.0556640625
0 0.76904296875 0.4111328125 0.05712890625 0.0498046875
0 0.8759765625 0.20556640625 0.0341796875 0.111328125
0 0.82470703125 0.5625 0.0654296875 0.0458984375
0 0.90283203125 0.56298828125 0.06787109375 0.0556640625
0 0.9736328125 0.560546875 0.05224609375 0.05126953125
0 0.99072265625 0.78759765625 0.0185546875 0.1201171875
0 0.9580078125 0.783203125 0.0390625 0.13037109375
0 0.91748046875 0.79150390625 0.0390625 0.1220703125
0 0.88037109375 0.794921875 0.0390625 0.12060546875
0 0.84130859375 0.7900390625 0.03662109375 0.12353515625
0 0.8037109375 0.79736328125 0.0341796875 0.1025390625
1 0.7021484375 0.80224609375 0.0166015625 0.0224609375