0 0.70751953125 0.60107421875 0.0595703125 0.0556640625
0 0.6103515625 0.25830078125 0.044921875 0.1044921875
0 0.5576171875 0.318359375 0.05078125 0.1259765625
0 0.45703125 0.0634765625 0.046875 0.1201171875
0 0.38427734375 0.56298828125 0.0478515625 0.1162109375
0 0.38037109375 0.92333984375 0.048828125 0.12109375
0 0.234375 0.5302734375 0.072265625 0.064453125
0 0.24609375 0.37451171875 0.0634765625 0.0576171875
0 0.16845703125 0.15625 0.0498046875 0.115234375
0 0.169921875 0.5166015625 0.0712890625 0.0546875
0 0.09228515625 0.50634765625 0.0751953125 0.064453125
0 0.02587890625 0.49365234375 0.0517578125 0.0576171875
0 0.017578125 0.716796875 0.03515625 0.134765625
0 0.0458984375 0.73046875 0.0556640625 0.1259765625
0 0.08251953125 0.7392578125 0.0556640625 0.125
0 0.12158203125 0.73974609375 0.0537109375 0.126953125
0 0.15771484375 0.75244140625 0.0478515625 0.1064453125
1 0.2578125 0.77099609375 0.01953125 0.0244140625