0 0.29052734375 0.40234375 0.0595703125 0.0546875
0 0.39404296875 0.74365234375 0.04296875 0.1044921875
0 0.44580078125 0.6826171875 0.048828125 0.125
0 0.55078125 0.935546875 0.044921875 0.1201171875
0 0.61474609375 0.43505859375 0.0458984375 0.115234375
0 0.6123046875 0.07470703125 0.046875 0.12109375
0 0.76513671875 0.46533203125 0.0712890625 0.0634765625
0 0.75634765625 0.62109375 0.0625 0.056640625
0 0.83740234375 0.837890625 0.0478515625 0.1142578125
0 0.830078125 0.4775390625 0.0703125 0.0537109375
0 0.90771484375 0.48681640625 0.07421875 0.0634765625
0 0.97412109375 0.49755859375 0.0517578125 0.0576171875
0 0.98095703125 0.27490234375 0.0380859375 0.1337890625
0 0.94970703125 0.26171875 0.0537109375 0.1259765625
0 0.91357421875 0.25341796875 0.0537109375 0.1240234375
0 0.8740234375 0.25390625 0.0517578125 0.126953125
0 0.837890625 0.24169921875 0.046875 0.10546875
1 0.7373046875 0.224609375 0.01953125 0.0244140625