0 0.279296875 0.5712890625 0.05224609375 0.04443359375
0 0.45947265625 0.66259765625 0.0283203125 0.115234375
0 0.5595703125 0.59326171875 0.0283203125 0.1181640625
0 0.6083984375 0.3125 0.02880859375 0.11376953125
0 0.771484375 0.41162109375 0.06103515625 0.0458984375
0 0.8759765625 0.2041015625 0.0361328125 0.1123046875
0 0.75634765625 0.5654296875 0.06640625 0.0498046875
0 0.8251953125 0.56103515625 0.0654296875 0.04736328125
0 0.9033203125 0.56201171875 0.06787109375 0.052734375
0 0.97412109375 0.56201171875 0.0517578125 0.05419921875
0 0.99169921875 0.79150390625 0.0166015625 0.115234375
0 0.95751953125 0.7861328125 0.04150390625 0.12646484375
0 0.91845703125 0.791015625 0.03662109375 0.1220703125
0 0.88134765625 0.79638671875 0.03662109375 0.11376953125
0 0.84033203125 0.79638671875 0.0390625 0.1279296875
0 0.80322265625 0.7958984375 0.03515625 0.10986328125
1 0.7001953125 0.80224609375 0.0166015625 0.02490234375