0 0.71044921875 0.59765625 0.0576171875 0.05078125
0 0.5205078125 0.66650390625 0.0419921875 0.1181640625
0 0.4296875 0.58544921875 0.04296875 0.12109375
0 0.4150390625 0.30078125 0.0419921875 0.1162109375
0 0.2412109375 0.37939453125 0.06640625 0.052734375
0 0.1630859375 0.16064453125 0.0498046875 0.1162109375
0 0.23779296875 0.53369140625 0.072265625 0.0576171875
0 0.169921875 0.52099609375 0.0703125 0.0546875
0 0.09228515625 0.51220703125 0.07421875 0.060546875
0 0.025390625 0.50390625 0.05078125 0.060546875
0 0.01953125 0.7275390625 0.0390625 0.130859375
0 0.04931640625 0.73779296875 0.05078125 0.1259765625
0 0.08544921875 0.74755859375 0.0498046875 0.1171875
0 0.1259765625 0.7529296875 0.0546875 0.1318359375
0 0.1630859375 0.7568359375 0.0478515625 0.11328125
1 0.2646484375 0.775390625 0.01953125 0.0263671875