0 0.2861328125 0.59033203125 0.0556640625 0.048828125
0 0.4736328125 0.66552734375 0.0380859375 0.1171875
0 0.5673828125 0.587890625 0.0380859375 0.1201171875
0 0.591796875 0.3037109375 0.0390625 0.1162109375
0 0.7626953125 0.38818359375 0.064453125 0.05078125
0 0.8486328125 0.17236328125 0.0458984375 0.115234375
0 0.76123046875 0.54296875 0.0703125 0.0556640625
0 0.8291015625 0.5322265625 0.0693359375 0.052734375
0 0.9072265625 0.52685546875 0.072265625 0.05859375
0 0.974609375 0.5205078125 0.05078125 0.05859375
0 0.97705078125 0.74462890625 0.0458984375 0.1298828125
0 0.9423828125 0.75341796875 0.046875 0.125
0 0.90576171875 0.76220703125 0.046875 0.1162109375
0 0.86474609375 0.765625 0.0498046875 0.130859375
0 0.82763671875 0.7685546875 0.044921875 0.1123046875
1 0.7255859375 0.78369140625 0.0185546875 0.0263671875