0 0.29345703125 0.39892578125 0.0595703125 0.0546875
0 0.43115234375 0.72509765625 0.0439453125 0.1103515625
0 0.5234375 0.75732421875 0.044921875 0.11328125
0 0.541015625 0.95947265625 0.04296875 0.0810546875
0 0.83203125 0.84765625 0.0478515625 0.1142578125
0 0.75537109375 0.6259765625 0.0654296875 0.05078125
0 0.97314453125 0.50537109375 0.0537109375 0.0595703125
0 0.908203125 0.49560546875 0.076171875 0.060546875
0 0.830078125 0.48388671875 0.0771484375 0.05859375
0 0.76416015625 0.4697265625 0.068359375 0.0625
0 0.984375 0.27734375 0.03125 0.12890625
0 0.95556640625 0.26806640625 0.05078125 0.126953125
0 0.919921875 0.25830078125 0.0498046875 0.1162109375
0 0.880859375 0.2548828125 0.052734375 0.1337890625
0 0.84375 0.24169921875 0.046875 0.1181640625
0 0.63134765625 0.2509765625 0.0439453125 0.1083984375
0 0.5400390625 0.029296875 0.04296875 0.05859375
0 0.4814453125 0.13134765625 0.0361328125 0.052734375
1 0.740234375 0.22607421875 0.017578125 0.03515625