0 0.28125 0.5712890625 0.05322265625 0.04736328125
0 0.46337890625 0.267578125 0.02978515625 0.10693359375
0 0.55908203125 0.24853515625 0.02978515625 0.10986328125
0 0.60595703125 0.044921875 0.0302734375 0.08984375
0 0.876953125 0.2021484375 0.0322265625 0.111328125
0 0.7705078125 0.41064453125 0.06005859375 0.04296875
0 0.97314453125 0.560546875 0.0537109375 0.052734375
0 0.90380859375 0.56103515625 0.0693359375 0.05126953125
0 0.82470703125 0.56201171875 0.0712890625 0.048828125
0 0.75732421875 0.56689453125 0.06103515625 0.05419921875
0 0.9921875 0.79150390625 0.015625 0.115234375
0 0.9599609375 0.7890625 0.03662109375 0.125
0 0.9189453125 0.79296875 0.03369140625 0.12353515625
0 0.88232421875 0.7978515625 0.0341796875 0.1123046875
0 0.8427734375 0.7958984375 0.03515625 0.13037109375
0 0.8046875 0.8037109375 0.03125 0.115234375
0 0.59521484375 0.7646484375 0.02978515625 0.10546875
0 0.474609375 0.97216796875 0.03515625 0.0556640625
0 0.43017578125 0.8623046875 0.02978515625 0.048828125
1 0.69970703125 0.8046875 0.01318359375 0.033203125