0 0.27783203125 0.5595703125 0.0556640625 0.0498046875
0 0.4755859375 0.26611328125 0.03515625 0.1083984375
0 0.572265625 0.251953125 0.03515625 0.111328125
0 0.62939453125 0.05126953125 0.03515625 0.0908203125
0 0.89208984375 0.22216796875 0.0380859375 0.11328125
0 0.77490234375 0.4248046875 0.0625 0.0458984375
0 0.96923828125 0.58544921875 0.056640625 0.0556640625
0 0.89990234375 0.58203125 0.072265625 0.0546875
0 0.82080078125 0.5791015625 0.07421875 0.052734375
0 0.75341796875 0.580078125 0.0634765625 0.0576171875
0 0.97607421875 0.81689453125 0.021484375 0.1162109375
0 0.9443359375 0.8125 0.04296875 0.126953125
0 0.90283203125 0.814453125 0.0400390625 0.125
0 0.8662109375 0.8173828125 0.0400390625 0.1142578125
0 0.82666015625 0.8134765625 0.0419921875 0.1318359375
0 0.78857421875 0.8193359375 0.037109375 0.1171875
0 0.5810546875 0.76904296875 0.03515625 0.1064453125
0 0.44970703125 0.97021484375 0.0380859375 0.0576171875
0 0.4111328125 0.85791015625 0.0322265625 0.05078125
1 0.68359375 0.81494140625 0.0146484375 0.0341796875