0 0.2783203125 0.5712890625 0.0556640625 0.04736328125
0 0.43017578125 0.4833984375 0.03271484375 0.125
0 0.5947265625 0.4326171875 0.0283203125 0.10546875
0 0.7724609375 0.41162109375 0.0625 0.05126953125
0 0.87744140625 0.201171875 0.03515625 0.11376953125
0 0.47265625 0.75439453125 0.0341796875 0.1376953125
0 0.7587890625 0.5673828125 0.0634765625 0.05126953125
0 0.82470703125 0.56201171875 0.0654296875 0.052734375
0 0.90283203125 0.5625 0.06787109375 0.052734375
0 0.9736328125 0.560546875 0.05224609375 0.05419921875
0 0.99169921875 0.79296875 0.0166015625 0.11962890625
0 0.9599609375 0.78662109375 0.0380859375 0.12939453125
0 0.9189453125 0.79296875 0.0400390625 0.1220703125
0 0.88330078125 0.79638671875 0.0380859375 0.1181640625
0 0.8427734375 0.791015625 0.04052734375 0.12060546875
0 0.8046875 0.80126953125 0.0322265625 0.1083984375
1 0.693359375 0.822265625 0.01318359375 0.0224609375