0 0.7060546875 0.60888671875 0.0634765625 0.056640625
0 0.57177734375 0.49560546875 0.0537109375 0.12890625
0 0.41845703125 0.4169921875 0.0458984375 0.1083984375
0 0.2470703125 0.36572265625 0.0703125 0.0615234375
0 0.18017578125 0.14013671875 0.0546875 0.1181640625
0 0.48291015625 0.75537109375 0.0576171875 0.1416015625
0 0.2333984375 0.521484375 0.0712890625 0.0615234375
0 0.16943359375 0.5048828125 0.0732421875 0.0634765625
0 0.09228515625 0.49169921875 0.076171875 0.0634765625
0 0.0263671875 0.4775390625 0.052734375 0.0625
0 0.01318359375 0.70263671875 0.0263671875 0.1337890625
0 0.03662109375 0.7158203125 0.060546875 0.126953125
0 0.0712890625 0.72509765625 0.0576171875 0.123046875
0 0.11181640625 0.72705078125 0.060546875 0.1259765625
0 0.1474609375 0.74365234375 0.05078125 0.1123046875
1 0.25341796875 0.78369140625 0.0166015625 0.0244140625