0 0.72705078125 0.5517578125 0.0595703125 0.0517578125
0 0.56787109375 0.4775390625 0.0439453125 0.126953125
0 0.39990234375 0.44091796875 0.037109375 0.107421875
0 0.220703125 0.435546875 0.06640625 0.056640625
0 0.09814453125 0.2353515625 0.044921875 0.1162109375
0 0.54931640625 0.7509765625 0.0458984375 0.140625
0 0.248046875 0.58984375 0.0673828125 0.056640625
0 0.18212890625 0.58984375 0.0693359375 0.05859375
0 0.10400390625 0.59716796875 0.072265625 0.05859375
0 0.033203125 0.6015625 0.056640625 0.05859375
0 0.03564453125 0.83447265625 0.02734375 0.12109375
0 0.06689453125 0.82568359375 0.048828125 0.1318359375
0 0.1083984375 0.828125 0.05078125 0.125
0 0.14404296875 0.82861328125 0.0478515625 0.12109375
0 0.18408203125 0.81982421875 0.05078125 0.1240234375
0 0.22265625 0.82666015625 0.0419921875 0.1103515625
1 0.33544921875 0.837890625 0.0146484375 0.0234375