0 0.27978515625 0.57275390625 0.0517578125 0.04443359375
0 0.22314453125 0.49853515625 0.05712890625 0.04736328125
0 0.12158203125 0.4853515625 0.046875 0.033203125
0 0.99365234375 0.79736328125 0.0126953125 0.11669921875
0 0.9599609375 0.79248046875 0.0400390625 0.1279296875
0 0.919921875 0.79638671875 0.03662109375 0.12353515625
0 0.884765625 0.7998046875 0.0390625 0.11376953125
0 0.8427734375 0.798828125 0.0380859375 0.1220703125
0 0.80419921875 0.8037109375 0.03271484375 0.1025390625
0 0.75830078125 0.5703125 0.06494140625 0.05126953125
0 0.826171875 0.56787109375 0.06494140625 0.0498046875
0 0.90478515625 0.5654296875 0.0703125 0.05419921875
0 0.97509765625 0.56591796875 0.0498046875 0.0498046875
0 0.97607421875 0.486328125 0.0478515625 0.0498046875
0 0.77099609375 0.4130859375 0.0576171875 0.0458984375
0 0.8779296875 0.2060546875 0.0361328125 0.10986328125
1 0.67529296875 0.814453125 0.01171875 0.0263671875