0 0.7255859375 0.55322265625 0.0556640625 0.048828125
0 0.77587890625 0.474609375 0.0615234375 0.0517578125
0 0.87548828125 0.45263671875 0.0498046875 0.037109375
0 0.0341796875 0.83935546875 0.0224609375 0.1171875
0 0.0673828125 0.83154296875 0.05078125 0.130859375
0 0.107421875 0.83203125 0.046875 0.1259765625
0 0.14306640625 0.83203125 0.048828125 0.1171875
0 0.1845703125 0.82763671875 0.048828125 0.125
0 0.2236328125 0.8291015625 0.0419921875 0.10546875
0 0.2490234375 0.5927734375 0.0693359375 0.056640625
0 0.18115234375 0.59619140625 0.0693359375 0.0556640625
0 0.1025390625 0.6005859375 0.0751953125 0.060546875
0 0.0322265625 0.60693359375 0.0537109375 0.0537109375
0 0.02490234375 0.52783203125 0.0498046875 0.0537109375
0 0.22265625 0.43701171875 0.0615234375 0.05078125
0 0.09765625 0.240234375 0.0458984375 0.1123046875
1 0.3525390625 0.82861328125 0.013671875 0.02734375