0 0.73046875 0.474609375 0.0595703125 0.0546875
0 0.7705078125 0.55908203125 0.0654296875 0.05859375
0 0.8671875 0.5927734375 0.052734375 0.0419921875
0 0.0791015625 0.1064453125 0.037109375 0.1171875
0 0.11083984375 0.1181640625 0.0654296875 0.1337890625
0 0.15087890625 0.12255859375 0.0615234375 0.12890625
0 0.18603515625 0.126953125 0.0615234375 0.119140625
0 0.22705078125 0.13623046875 0.0625 0.126953125
0 0.265625 0.1396484375 0.0537109375 0.107421875
0 0.26171875 0.37744140625 0.07421875 0.0634765625
0 0.19482421875 0.36572265625 0.07421875 0.0625
0 0.11767578125 0.35205078125 0.080078125 0.0673828125
0 0.048828125 0.3369140625 0.05859375 0.05859375
0 0.03125 0.41455078125 0.0576171875 0.05859375
0 0.216796875 0.52880859375 0.0654296875 0.056640625
0 0.0693359375 0.708984375 0.05859375 0.115234375
1 0.39404296875 0.15576171875 0.0166015625 0.0283203125