0 0.2802734375 0.57275390625 0.0517578125 0.04443359375
0 0.47216796875 0.49658203125 0.03369140625 0.13330078125
0 0.44921875 0.77294921875 0.02978515625 0.11669921875
0 0.4326171875 0.134765625 0.0341796875 0.12060546875
0 0.59814453125 0.0986328125 0.02978515625 0.0986328125
0 0.8779296875 0.20361328125 0.03271484375 0.10986328125
0 0.7724609375 0.41162109375 0.06103515625 0.0458984375
0 0.7587890625 0.56591796875 0.0634765625 0.048828125
0 0.826171875 0.56396484375 0.0654296875 0.04736328125
0 0.9033203125 0.56396484375 0.06787109375 0.048828125
0 0.97509765625 0.56201171875 0.0498046875 0.0498046875
0 0.8037109375 0.7978515625 0.03125 0.0986328125
0 0.84228515625 0.79443359375 0.03515625 0.1181640625
0 0.8828125 0.794921875 0.03662109375 0.10546875
0 0.9189453125 0.79248046875 0.03369140625 0.11962890625
0 0.958984375 0.7880859375 0.0361328125 0.12646484375
0 0.9921875 0.79296875 0.015625 0.1083984375
1 0.6875 0.83740234375 0.01171875 0.0263671875