0 0.2724609375 0.54150390625 0.0576171875 0.05078125
0 0.47314453125 0.49267578125 0.0517578125 0.13671875
0 0.41162109375 0.76318359375 0.0458984375 0.1201171875
0 0.48388671875 0.12890625 0.05078125 0.1240234375
0 0.65283203125 0.1162109375 0.04296875 0.1015625
0 0.91552734375 0.25927734375 0.0478515625 0.11328125
0 0.7822265625 0.4501953125 0.06640625 0.0537109375
0 0.7470703125 0.60107421875 0.0693359375 0.0576171875
0 0.81396484375 0.60888671875 0.0712890625 0.0556640625
0 0.890625 0.61962890625 0.07421875 0.0576171875
0 0.9619140625 0.62744140625 0.056640625 0.056640625
0 0.75927734375 0.83740234375 0.044921875 0.1015625
0 0.7978515625 0.83935546875 0.05078125 0.1220703125
0 0.837890625 0.84521484375 0.05078125 0.109375
0 0.8740234375 0.84814453125 0.0498046875 0.123046875
0 0.91455078125 0.84912109375 0.0537109375 0.1298828125
0 0.94677734375 0.8583984375 0.0302734375 0.109375
1 0.638671875 0.8603515625 0.015625 0.02734375