0 0.72412109375 0.55712890625 0.0546875 0.0478515625
0 0.52734375 0.49462890625 0.04296875 0.1357421875
0 0.56982421875 0.7685546875 0.0380859375 0.1181640625
0 0.54150390625 0.130859375 0.04296875 0.123046875
0 0.3740234375 0.1064453125 0.0361328125 0.1005859375
0 0.1025390625 0.23046875 0.0400390625 0.1123046875
0 0.22216796875 0.4306640625 0.064453125 0.0498046875
0 0.24658203125 0.583984375 0.06640625 0.052734375
0 0.17919921875 0.58642578125 0.068359375 0.0517578125
0 0.10205078125 0.591796875 0.0712890625 0.0537109375
0 0.0302734375 0.59521484375 0.052734375 0.052734375
0 0.2177734375 0.818359375 0.0380859375 0.1005859375
0 0.17919921875 0.8173828125 0.04296875 0.1201171875
0 0.138671875 0.82080078125 0.0439453125 0.107421875
0 0.1025390625 0.82080078125 0.0419921875 0.1220703125
0 0.06201171875 0.8193359375 0.044921875 0.12890625
0 0.029296875 0.82666015625 0.0234375 0.109375
1 0.33642578125 0.849609375 0.013671875 0.02734375