0 0.27978515625 0.4248046875 0.0517578125 0.05078125
0 0.439453125 0.54296875 0.0341796875 0.1142578125
0 0.46875 0.7626953125 0.0361328125 0.1396484375
0 0.478515625 0.12109375 0.0322265625 0.1240234375
0 0.61328125 0.033203125 0.03515625 0.0634765625
0 0.8720703125 0.80615234375 0.0361328125 0.1142578125
0 0.76708984375 0.59326171875 0.0625 0.046875
0 0.7578125 0.4375 0.0654296875 0.05078125
0 0.8271484375 0.44189453125 0.0673828125 0.05078125
0 0.9072265625 0.4482421875 0.072265625 0.0556640625
0 0.97509765625 0.44580078125 0.0498046875 0.0517578125
0 0.99365234375 0.21435546875 0.0126953125 0.1142578125
0 0.9638671875 0.22021484375 0.041015625 0.130859375
0 0.92578125 0.21337890625 0.0400390625 0.123046875
0 0.88818359375 0.21044921875 0.0400390625 0.1171875
0 0.8486328125 0.2197265625 0.0390625 0.11328125
0 0.810546875 0.208984375 0.033203125 0.09765625
1 0.693359375 0.16015625 0.0087890625 0.03125