0 0.7216796875 0.4287109375 0.05078125 0.0498046875
0 0.5595703125 0.5439453125 0.0322265625 0.11328125
0 0.52685546875 0.76318359375 0.0341796875 0.138671875
0 0.5283203125 0.12158203125 0.0302734375 0.123046875
0 0.39501953125 0.03125 0.033203125 0.0625
0 0.12255859375 0.7998046875 0.033203125 0.11328125
0 0.2314453125 0.58837890625 0.0615234375 0.0458984375
0 0.2431640625 0.43310546875 0.064453125 0.0498046875
0 0.173828125 0.43603515625 0.06640625 0.0498046875
0 0.09375 0.44091796875 0.0712890625 0.0546875
0 0.02490234375 0.4375 0.0498046875 0.05078125
0 0.00830078125 0.20556640625 0.0166015625 0.11328125
0 0.041015625 0.21240234375 0.0390625 0.130859375
0 0.0791015625 0.2060546875 0.0380859375 0.1220703125
0 0.11669921875 0.20361328125 0.037109375 0.1171875
0 0.15625 0.2138671875 0.037109375 0.1123046875
0 0.1943359375 0.20361328125 0.03125 0.09765625
1 0.3125 0.15673828125 0.0078125 0.03125