0 0.2783203125 0.5712890625 0.05078125 0.0498046875
0 0.4404296875 0.4560546875 0.0322265625 0.11376953125
0 0.47314453125 0.23681640625 0.0341796875 0.138671875
0 0.4716796875 0.87841796875 0.0302734375 0.12353515625
0 0.60498046875 0.96875 0.03369140625 0.0625
0 0.87744140625 0.2001953125 0.03369140625 0.11376953125
0 0.7685546875 0.41162109375 0.0615234375 0.0458984375
0 0.7568359375 0.56689453125 0.06494140625 0.0498046875
0 0.826171875 0.56396484375 0.06640625 0.0498046875
0 0.90625 0.55908203125 0.0712890625 0.05419921875
0 0.97509765625 0.5625 0.0498046875 0.05126953125
0 0.99169921875 0.79443359375 0.0166015625 0.11376953125
0 0.958984375 0.78759765625 0.0390625 0.13037109375
0 0.9208984375 0.7939453125 0.0380859375 0.1220703125
0 0.88330078125 0.79638671875 0.03759765625 0.11669921875
0 0.84375 0.7861328125 0.03662109375 0.1123046875
0 0.8056640625 0.79638671875 0.03125 0.09716796875
1 0.6875 0.84326171875 0.0078125 0.03076171875