0 0.27978515625 0.56689453125 0.05224609375 0.04736328125
0 0.4267578125 0.48388671875 0.02880859375 0.09326171875
0 0.4697265625 0.2431640625 0.02978515625 0.11669921875
0 0.47119140625 0.70703125 0.02734375 0.10986328125
0 0.6162109375 0.67578125 0.0390625 0.12060546875
0 0.7587890625 0.56396484375 0.0634765625 0.05126953125
0 0.826171875 0.560546875 0.06396484375 0.04736328125
0 0.77099609375 0.40771484375 0.05615234375 0.04736328125
0 0.87841796875 0.19921875 0.03369140625 0.115234375
0 0.97509765625 0.55859375 0.0498046875 0.052734375
0 0.9033203125 0.55908203125 0.06640625 0.048828125
0 0.994140625 0.7900390625 0.01171875 0.115234375
0 0.96044921875 0.7841796875 0.0390625 0.12646484375
0 0.9189453125 0.78955078125 0.0390625 0.12939453125
0 0.88232421875 0.79296875 0.0361328125 0.11376953125
0 0.8427734375 0.78466796875 0.03759765625 0.115234375
0 0.80517578125 0.7939453125 0.0341796875 0.10546875
1 0.6865234375 0.853515625 0.0107421875 0.029296875