0 0.7265625 0.46044921875 0.0576171875 0.0537109375
0 0.57080078125 0.52490234375 0.0400390625 0.095703125
0 0.49853515625 0.7587890625 0.0439453125 0.119140625
0 0.5537109375 0.2978515625 0.041015625 0.1123046875
0 0.40625 0.3115234375 0.0537109375 0.1240234375
0 0.2509765625 0.40478515625 0.0693359375 0.05859375
0 0.18359375 0.400390625 0.0693359375 0.0546875
0 0.2197265625 0.55859375 0.0615234375 0.0537109375
0 0.087890625 0.75244140625 0.0478515625 0.1181640625
0 0.03564453125 0.3837890625 0.0556640625 0.05859375
0 0.10693359375 0.39208984375 0.072265625 0.056640625
0 0.044921875 0.15185546875 0.025390625 0.1162109375
0 0.07763671875 0.16162109375 0.0537109375 0.1298828125
0 0.11962890625 0.16162109375 0.0546875 0.1328125
0 0.15625 0.16259765625 0.0498046875 0.1171875
0 0.1943359375 0.17578125 0.0517578125 0.119140625
0 0.23291015625 0.1708984375 0.046875 0.1083984375
1 0.35791015625 0.12646484375 0.0146484375 0.0302734375