0 0.28076171875 0.56787109375 0.05224609375 0.04736328125
0 0.42626953125 0.20703125 0.0283203125 0.0986328125
0 0.47265625 0.39794921875 0.0302734375 0.1083984375
0 0.4609375 0.810546875 0.0283203125 0.10986328125
0 0.59912109375 0.98583984375 0.0361328125 0.0283203125
0 0.63525390625 0.5810546875 0.05322265625 0.12060546875
0 0.75927734375 0.5625 0.06396484375 0.05419921875
0 0.8271484375 0.5595703125 0.06640625 0.05126953125
0 0.7724609375 0.40478515625 0.06005859375 0.048828125
0 0.8798828125 0.197265625 0.0361328125 0.111328125
0 0.97509765625 0.5576171875 0.0498046875 0.0556640625
0 0.904296875 0.55908203125 0.06787109375 0.05126953125
0 0.994140625 0.7900390625 0.01171875 0.111328125
0 0.9609375 0.783203125 0.0361328125 0.12353515625
0 0.92041015625 0.78759765625 0.03662109375 0.11962890625
0 0.884765625 0.79248046875 0.0361328125 0.11669921875
0 0.8427734375 0.78173828125 0.0380859375 0.1083984375
0 0.8037109375 0.791015625 0.0341796875 0.09716796875
1 0.68212890625 0.86865234375 0.0087890625 0.02783203125