0 0.27490234375 0.45556640625 0.056640625 0.052734375
0 0.45751953125 0.798828125 0.0380859375 0.1005859375
0 0.4833984375 0.6044921875 0.041015625 0.111328125
0 0.4287109375 0.1953125 0.0400390625 0.1123046875
0 0.5478515625 0.01123046875 0.0390625 0.0224609375
0 0.6259765625 0.4052734375 0.0654296875 0.1259765625
0 0.75146484375 0.41064453125 0.0693359375 0.060546875
0 0.8193359375 0.40673828125 0.0712890625 0.0576171875
0 0.78076171875 0.56640625 0.064453125 0.0546875
0 0.90966796875 0.76123046875 0.0478515625 0.1142578125
0 0.96630859375 0.39306640625 0.0556640625 0.060546875
0 0.89599609375 0.39892578125 0.0732421875 0.0576171875
0 0.9609375 0.15966796875 0.0234375 0.1123046875
0 0.9287109375 0.17041015625 0.048828125 0.126953125
0 0.88818359375 0.169921875 0.048828125 0.123046875
0 0.85205078125 0.1689453125 0.0478515625 0.1201171875
0 0.8115234375 0.18408203125 0.048828125 0.111328125
0 0.771484375 0.1787109375 0.0439453125 0.1005859375
1 0.642578125 0.1142578125 0.01171875 0.0283203125