0 0.271484375 0.47900390625 0.060546875 0.0576171875
0 0.48876953125 0.8017578125 0.0478515625 0.1025390625
0 0.49462890625 0.60546875 0.0517578125 0.1123046875
0 0.3974609375 0.20458984375 0.05078125 0.11328125
0 0.49609375 0.0107421875 0.041015625 0.021484375
0 0.615234375 0.392578125 0.0771484375 0.12890625
0 0.74072265625 0.384765625 0.07421875 0.06640625
0 0.8076171875 0.37353515625 0.0751953125 0.0634765625
0 0.7861328125 0.53662109375 0.0693359375 0.060546875
0 0.9345703125 0.71728515625 0.05859375 0.1162109375
0 0.95263671875 0.3447265625 0.060546875 0.064453125
0 0.88330078125 0.35791015625 0.0771484375 0.064453125
0 0.9228515625 0.11376953125 0.0341796875 0.111328125
0 0.89208984375 0.126953125 0.060546875 0.1279296875
0 0.8515625 0.13134765625 0.060546875 0.125
0 0.8154296875 0.1337890625 0.0595703125 0.1220703125
0 0.77685546875 0.1533203125 0.0595703125 0.1142578125
0 0.736328125 0.15234375 0.0537109375 0.1025390625
1 0.6015625 0.1015625 0.0146484375 0.029296875