0 0.27978515625 0.5673828125 0.0517578125 0.048828125
0 0.4638671875 0.4609375 0.02880859375 0.1025390625
0 0.59765625 0.798828125 0.02880859375 0.1181640625
0 0.42724609375 0.9287109375 0.03125 0.12353515625
0 0.66845703125 0.52587890625 0.0654296875 0.10546875
0 0.7724609375 0.40673828125 0.06005859375 0.0458984375
0 0.76025390625 0.56298828125 0.06494140625 0.05419921875
0 0.82763671875 0.55908203125 0.0654296875 0.04736328125
0 0.8056640625 0.79248046875 0.03369140625 0.10400390625
0 0.84619140625 0.7841796875 0.0390625 0.10986328125
0 0.88232421875 0.7939453125 0.0361328125 0.11669921875
0 0.9189453125 0.7900390625 0.03662109375 0.12353515625
0 0.9619140625 0.7841796875 0.0380859375 0.1279296875
0 0.90625 0.5576171875 0.0712890625 0.05712890625
0 0.97607421875 0.55712890625 0.0478515625 0.05419921875
0 0.99462890625 0.79248046875 0.0107421875 0.11376953125
0 0.87890625 0.197265625 0.0361328125 0.1123046875
0 0.4716796875 0.08251953125 0.0263671875 0.1123046875
1 0.68212890625 0.88037109375 0.0107421875 0.02490234375