0 0.72119140625 0.4365234375 0.052734375 0.0498046875
0 0.53564453125 0.53955078125 0.0302734375 0.1025390625
0 0.40771484375 0.19970703125 0.03125 0.1181640625
0 0.580078125 0.07275390625 0.033203125 0.1240234375
0 0.33203125 0.47119140625 0.0673828125 0.1064453125
0 0.22607421875 0.58837890625 0.060546875 0.046875
0 0.24072265625 0.4326171875 0.0654296875 0.0556640625
0 0.17333984375 0.43505859375 0.06640625 0.048828125
0 0.19970703125 0.2021484375 0.03515625 0.1044921875
0 0.15869140625 0.2099609375 0.041015625 0.1103515625
0 0.123046875 0.19921875 0.0380859375 0.1171875
0 0.0859375 0.20263671875 0.0390625 0.1240234375
0 0.04296875 0.2080078125 0.0400390625 0.12890625
0 0.0947265625 0.43505859375 0.072265625 0.05859375
0 0.02490234375 0.4345703125 0.048828125 0.0546875
0 0.0107421875 0.19873046875 0.0126953125 0.1142578125
0 0.11572265625 0.7958984375 0.0380859375 0.11328125
0 0.52099609375 0.91796875 0.0283203125 0.1123046875
1 0.32470703125 0.11669921875 0.0107421875 0.025390625