0 0.72900390625 0.47607421875 0.060546875 0.0576171875
0 0.52783203125 0.54541015625 0.0478515625 0.1064453125
0 0.4609375 0.18798828125 0.05078125 0.12109375
0 0.6533203125 0.09326171875 0.0546875 0.126953125
0 0.33935546875 0.4423828125 0.083984375 0.1162109375
0 0.21484375 0.53955078125 0.0673828125 0.056640625
0 0.25634765625 0.388671875 0.07421875 0.0654296875
0 0.189453125 0.37939453125 0.0732421875 0.05859375
0 0.255859375 0.15478515625 0.052734375 0.1083984375
0 0.21435546875 0.15478515625 0.0595703125 0.115234375
0 0.1806640625 0.138671875 0.0576171875 0.12109375
0 0.14404296875 0.13525390625 0.0595703125 0.1279296875
0 0.1005859375 0.1328125 0.0615234375 0.1328125
0 0.1123046875 0.36572265625 0.0810546875 0.0693359375
0 0.04345703125 0.35302734375 0.0576171875 0.0625
0 0.0703125 0.11865234375 0.0322265625 0.11328125
0 0.0703125 0.72509765625 0.056640625 0.1171875
0 0.4482421875 0.9150390625 0.046875 0.115234375
1 0.3935546875 0.091796875 0.015625 0.0263671875