0 0.27099609375 0.52392578125 0.0625 0.0498046875
0 0.45068359375 0.3876953125 0.0537109375 0.1181640625
0 0.39892578125 0.666015625 0.048828125 0.1064453125
0 0.6240234375 0.369140625 0.05078125 0.1162109375
0 0.5546875 0.8037109375 0.0517578125 0.1201171875
0 0.78515625 0.46044921875 0.0654296875 0.0556640625
0 0.751953125 0.5302734375 0.0830078125 0.0791015625
0 0.744140625 0.61181640625 0.0712890625 0.0654296875
0 0.80908203125 0.619140625 0.0703125 0.0556640625
0 0.88720703125 0.63525390625 0.0751953125 0.0634765625
0 0.955078125 0.6484375 0.05859375 0.05859375
0 0.9287109375 0.27783203125 0.0517578125 0.1123046875
0 0.92919921875 0.87646484375 0.033203125 0.109375
0 0.89892578125 0.8662109375 0.060546875 0.1298828125
0 0.85791015625 0.86279296875 0.056640625 0.1259765625
0 0.8203125 0.86376953125 0.056640625 0.1201171875
0 0.78173828125 0.8466796875 0.05859375 0.123046875
0 0.74267578125 0.8466796875 0.0517578125 0.1005859375
0 0.85009765625 0.681640625 0.0263671875 0.0205078125