0 0.27978515625 0.5673828125 0.05615234375 0.0400390625
0 0.43017578125 0.3994140625 0.03271484375 0.11376953125
0 0.4326171875 0.68212890625 0.0302734375 0.1025390625
0 0.5966796875 0.34814453125 0.0302734375 0.1123046875
0 0.61181640625 0.78759765625 0.02978515625 0.11669921875
0 0.7724609375 0.40673828125 0.0576171875 0.0458984375
0 0.7529296875 0.4814453125 0.0712890625 0.06689453125
0 0.7607421875 0.56298828125 0.0625 0.05419921875
0 0.826171875 0.55810546875 0.0625 0.04443359375
0 0.90576171875 0.55908203125 0.06640625 0.05126953125
0 0.97509765625 0.55908203125 0.0498046875 0.0498046875
0 0.87841796875 0.2001953125 0.03125 0.1083984375
0 0.9931640625 0.78759765625 0.01318359375 0.1083984375
0 0.96142578125 0.783203125 0.03759765625 0.125
0 0.92041015625 0.7880859375 0.0341796875 0.1220703125
0 0.8837890625 0.7958984375 0.03515625 0.115234375
0 0.8427734375 0.78662109375 0.03662109375 0.1181640625
0 0.80419921875 0.7939453125 0.03369140625 0.095703125
0 0.87841796875 0.611328125 0.0234375 0.0166015625