0 0.7177734375 0.4248046875 0.0576171875 0.0419921875
0 0.5732421875 0.59814453125 0.037109375 0.115234375
0 0.56103515625 0.3154296875 0.0341796875 0.103515625
0 0.40869140625 0.6552734375 0.0341796875 0.11328125
0 0.37841796875 0.21630859375 0.0341796875 0.1171875
0 0.23095703125 0.6025390625 0.0595703125 0.0478515625
0 0.248046875 0.52734375 0.0732421875 0.0693359375
0 0.2373046875 0.4462890625 0.064453125 0.056640625
0 0.171875 0.453125 0.064453125 0.046875
0 0.09228515625 0.455078125 0.068359375 0.0537109375
0 0.0244140625 0.45751953125 0.048828125 0.0517578125
0 0.13232421875 0.81298828125 0.03515625 0.109375
0 0.00244140625 0.22998046875 0.0048828125 0.1083984375
0 0.02880859375 0.23291015625 0.0419921875 0.1259765625
0 0.06982421875 0.2265625 0.0380859375 0.123046875
0 0.10595703125 0.2177734375 0.0390625 0.1162109375
0 0.1474609375 0.2255859375 0.041015625 0.119140625
0 0.185546875 0.216796875 0.037109375 0.0966796875
0 0.1181640625 0.40185546875 0.0244140625 0.017578125