0 0.7265625 0.5361328125 0.056640625 0.0478515625
0 0.55029296875 0.4052734375 0.044921875 0.111328125
0 0.52099609375 0.1318359375 0.044921875 0.119140625
0 0.34814453125 0.1259765625 0.04296875 0.1123046875
0 0.08349609375 0.255859375 0.0478515625 0.1171875
0 0.216796875 0.4453125 0.0673828125 0.056640625
0 0.20703125 0.51611328125 0.080078125 0.076171875
0 0.38818359375 0.65966796875 0.060546875 0.1171875
0 0.251953125 0.60009765625 0.068359375 0.056640625
0 0.18505859375 0.6044921875 0.068359375 0.05078125
0 0.10595703125 0.615234375 0.0771484375 0.064453125
0 0.0361328125 0.62353515625 0.0537109375 0.0576171875
0 0.05224609375 0.8544921875 0.0302734375 0.111328125
0 0.0830078125 0.845703125 0.0546875 0.1318359375
0 0.125 0.84375 0.0537109375 0.1220703125
0 0.16064453125 0.84228515625 0.046875 0.1123046875
0 0.1982421875 0.830078125 0.0498046875 0.1123046875
0 0.23974609375 0.83544921875 0.0419921875 0.1005859375
0 0.2158203125 0.64794921875 0.0234375 0.01953125