0 0.27587890625 0.5478515625 0.0556640625 0.0458984375
0 0.44482421875 0.40771484375 0.0400390625 0.1103515625
0 0.45947265625 0.13330078125 0.0390625 0.119140625
0 0.6318359375 0.11865234375 0.0380859375 0.1123046875
0 0.9033203125 0.234375 0.04296875 0.1162109375
0 0.7802734375 0.43017578125 0.0654296875 0.0537109375
0 0.79345703125 0.50048828125 0.0771484375 0.0732421875
0 0.6201171875 0.65380859375 0.0546875 0.1162109375
0 0.7529296875 0.5869140625 0.06640625 0.0537109375
0 0.81982421875 0.587890625 0.06640625 0.0478515625
0 0.8994140625 0.59423828125 0.0751953125 0.0615234375
0 0.9697265625 0.59912109375 0.05078125 0.0546875
0 0.9658203125 0.83056640625 0.0244140625 0.111328125
0 0.9345703125 0.8232421875 0.048828125 0.130859375
0 0.89208984375 0.82373046875 0.0478515625 0.12109375
0 0.85693359375 0.82373046875 0.0419921875 0.1103515625
0 0.81884765625 0.8134765625 0.044921875 0.111328125
0 0.77734375 0.8212890625 0.037109375 0.099609375
0 0.79150390625 0.6328125 0.0224609375 0.0185546875