0 0.28076171875 0.5673828125 0.0517578125 0.04150390625
0 0.43701171875 0.4130859375 0.0302734375 0.1083984375
0 0.427734375 0.13818359375 0.02880859375 0.11669921875
0 0.59814453125 0.1083984375 0.0283203125 0.10986328125
0 0.87841796875 0.2001953125 0.03271484375 0.11376953125
0 0.77294921875 0.40625 0.06103515625 0.048828125
0 0.79248046875 0.47509765625 0.07177734375 0.06689453125
0 0.6328125 0.642578125 0.04541015625 0.1123046875
0 0.759765625 0.564453125 0.0625 0.048828125
0 0.826171875 0.5595703125 0.0625 0.04296875
0 0.90625 0.55908203125 0.0703125 0.0556640625
0 0.9765625 0.5576171875 0.046875 0.05126953125
0 0.99267578125 0.78857421875 0.0146484375 0.1103515625
0 0.9609375 0.7841796875 0.03759765625 0.1279296875
0 0.9189453125 0.7880859375 0.03759765625 0.1181640625
0 0.8837890625 0.79150390625 0.0322265625 0.1083984375
0 0.8447265625 0.78466796875 0.03515625 0.1083984375
0 0.80419921875 0.7958984375 0.02880859375 0.09716796875
0 0.8017578125 0.60693359375 0.02099609375 0.0166015625