0 0.27490234375 0.4580078125 0.056640625 0.0517578125
0 0.49609375 0.87890625 0.044921875 0.10546875
0 0.67236328125 0.435546875 0.0693359375 0.1044921875
0 0.78125 0.5615234375 0.0615234375 0.0556640625
0 0.912109375 0.75439453125 0.0439453125 0.1103515625
0 0.96435546875 0.384765625 0.0556640625 0.056640625
0 0.83349609375 0.49560546875 0.0771484375 0.06640625
0 0.8955078125 0.39501953125 0.0703125 0.05859375
0 0.81396484375 0.400390625 0.0693359375 0.0546875
0 0.75 0.40576171875 0.0703125 0.05859375
0 0.921875 0.16455078125 0.0517578125 0.1259765625
0 0.8818359375 0.16162109375 0.05078125 0.1240234375
0 0.84423828125 0.16455078125 0.05078125 0.115234375
0 0.80517578125 0.17236328125 0.0478515625 0.1201171875
0 0.767578125 0.169921875 0.044921875 0.1044921875
0 0.50830078125 0.12646484375 0.041015625 0.1201171875
1 0.96484375 0.263671875 0.0234375 0.03125