0 0.28173828125 0.5693359375 0.0517578125 0.0458984375
0 0.4501953125 0.12451171875 0.03271484375 0.1025390625
0 0.6787109375 0.54296875 0.0576171875 0.0986328125
0 0.771484375 0.40478515625 0.05615234375 0.048828125
0 0.8779296875 0.197265625 0.03125 0.10693359375
0 0.97509765625 0.5576171875 0.0498046875 0.05078125
0 0.83154296875 0.4638671875 0.0703125 0.05810546875
0 0.9052734375 0.55615234375 0.06494140625 0.05126953125
0 0.82373046875 0.560546875 0.06396484375 0.04736328125
0 0.759765625 0.56298828125 0.06494140625 0.05126953125
0 0.95947265625 0.78173828125 0.03759765625 0.1220703125
0 0.92041015625 0.7890625 0.03662109375 0.12060546875
0 0.88232421875 0.791015625 0.03759765625 0.111328125
0 0.8427734375 0.7880859375 0.0341796875 0.11669921875
0 0.8056640625 0.794921875 0.03271484375 0.1015625
0 0.5537109375 0.86962890625 0.0263671875 0.1181640625
1 0.990234375 0.677734375 0.01953125 0.029296875