0 0.29541015625 0.6025390625 0.05859375 0.0537109375
0 0.39208984375 0.13671875 0.048828125 0.1064453125
0 0.68310546875 0.5146484375 0.072265625 0.1064453125
0 0.75341796875 0.36328125 0.0634765625 0.056640625
0 0.82568359375 0.14208984375 0.0478515625 0.1103515625
0 0.974609375 0.48193359375 0.05078125 0.0576171875
0 0.82177734375 0.41259765625 0.078125 0.068359375
0 0.9091796875 0.4921875 0.072265625 0.060546875
0 0.8291015625 0.50927734375 0.0703125 0.056640625
0 0.7666015625 0.521484375 0.072265625 0.060546875
0 0.98486328125 0.70654296875 0.0302734375 0.1259765625
0 0.96044921875 0.7197265625 0.0546875 0.125
0 0.92333984375 0.7275390625 0.0546875 0.1162109375
0 0.8837890625 0.73095703125 0.0517578125 0.12109375
0 0.84814453125 0.74365234375 0.0478515625 0.10546875
0 0.61083984375 0.8564453125 0.044921875 0.12109375