0 0.2783203125 0.5751953125 0.0537109375 0.04150390625
0 0.12548828125 0.48876953125 0.0546875 0.0458984375
0 0.2236328125 0.4970703125 0.0634765625 0.04150390625
0 0.95947265625 0.79248046875 0.0361328125 0.12353515625
0 0.9208984375 0.79638671875 0.03271484375 0.12353515625
0 0.884765625 0.80126953125 0.03515625 0.111328125
0 0.8427734375 0.7939453125 0.03125 0.1025390625
0 0.8056640625 0.802734375 0.0283203125 0.095703125
0 0.759765625 0.56787109375 0.0634765625 0.0458984375
0 0.8251953125 0.56591796875 0.0634765625 0.0458984375
0 0.9052734375 0.5654296875 0.0654296875 0.04736328125
0 0.9755859375 0.564453125 0.04833984375 0.0498046875
0 0.7724609375 0.4111328125 0.0576171875 0.0458984375
0 0.8779296875 0.20556640625 0.0322265625 0.111328125
1 0.67626953125 0.81689453125 0.01318359375 0.01953125