0 0.73193359375 0.53173828125 0.060546875 0.05078125
0 0.86572265625 0.41748046875 0.0625 0.0556640625
0 0.7705078125 0.4443359375 0.0703125 0.052734375
0 0.10498046875 0.875 0.05859375 0.1279296875
0 0.1435546875 0.87109375 0.0556640625 0.1279296875
0 0.1796875 0.869140625 0.0556640625 0.1162109375
0 0.2197265625 0.85400390625 0.0498046875 0.1064453125
0 0.2578125 0.85546875 0.0458984375 0.099609375
0 0.2578125 0.6162109375 0.0712890625 0.0576171875
0 0.193359375 0.626953125 0.0712890625 0.0576171875
0 0.11474609375 0.6416015625 0.0732421875 0.05859375
0 0.04541015625 0.65380859375 0.056640625 0.05859375
0 0.2158203125 0.46484375 0.0654296875 0.0556640625
0 0.07275390625 0.283203125 0.052734375 0.115234375
1 0.38720703125 0.8447265625 0.0166015625 0.021484375