0 0.708984375 0.60546875 0.05859375 0.048828125
0 0.87255859375 0.541015625 0.060546875 0.052734375
0 0.77392578125 0.53564453125 0.068359375 0.0498046875
0 0.01513671875 0.7255859375 0.0302734375 0.126953125
0 0.0419921875 0.73486328125 0.0498046875 0.126953125
0 0.0771484375 0.74462890625 0.05078125 0.115234375
0 0.11962890625 0.7431640625 0.044921875 0.10546875
0 0.1552734375 0.75732421875 0.041015625 0.0986328125
0 0.2333984375 0.53125 0.0693359375 0.0546875
0 0.1689453125 0.52001953125 0.0693359375 0.0546875
0 0.08935546875 0.50830078125 0.0712890625 0.0556640625
0 0.0234375 0.49755859375 0.046875 0.0556640625
0 0.24267578125 0.3740234375 0.0634765625 0.0537109375
0 0.16650390625 0.15576171875 0.0478515625 0.1142578125
1 0.28125 0.7890625 0.015625 0.021484375