0 0.27734375 0.55126953125 0.0546875 0.0439453125
0 0.58251953125 0.8603515625 0.0517578125 0.208984375
0 0.55517578125 0.51220703125 0.0341796875 0.1171875
0 0.8994140625 0.2265625 0.0400390625 0.109375
0 0.8681640625 0.486328125 0.076171875 0.0576171875
0 0.77880859375 0.42529296875 0.06640625 0.0517578125
0 0.7333984375 0.51123046875 0.068359375 0.0712890625
0 0.75390625 0.5810546875 0.0654296875 0.0537109375
0 0.82080078125 0.58203125 0.068359375 0.048828125
0 0.90087890625 0.58447265625 0.0712890625 0.0576171875
0 0.97021484375 0.59228515625 0.0517578125 0.05078125
0 0.9716796875 0.8212890625 0.0205078125 0.1123046875
0 0.9404296875 0.8125 0.0419921875 0.1259765625
0 0.8994140625 0.81884765625 0.0419921875 0.123046875
0 0.86279296875 0.82177734375 0.04296875 0.1103515625
0 0.82177734375 0.81298828125 0.0419921875 0.119140625
0 0.783203125 0.8134765625 0.03515625 0.1005859375
1 0.95654296875 0.71435546875 0.017578125 0.0361328125
1 0.62255859375 0.9072265625 0.009765625 0.0234375