0 0.28125 0.56689453125 0.0517578125 0.0400390625
0 0.607421875 0.853515625 0.03759765625 0.20703125
0 0.5556640625 0.50830078125 0.02587890625 0.115234375
0 0.87939453125 0.19921875 0.03271484375 0.10693359375
0 0.8662109375 0.46044921875 0.07275390625 0.052734375
0 0.77294921875 0.40625 0.0634765625 0.04736328125
0 0.7333984375 0.4951171875 0.06396484375 0.06689453125
0 0.7587890625 0.56298828125 0.0625 0.0498046875
0 0.82568359375 0.5595703125 0.06494140625 0.04443359375
0 0.90576171875 0.55615234375 0.0673828125 0.052734375
0 0.9755859375 0.55908203125 0.04833984375 0.04736328125
0 0.9931640625 0.78759765625 0.01318359375 0.111328125
0 0.9609375 0.78125 0.03369140625 0.12353515625
0 0.9208984375 0.7900390625 0.03369140625 0.12060546875
0 0.88427734375 0.7958984375 0.03515625 0.1083984375
0 0.8427734375 0.78955078125 0.03369140625 0.11669921875
0 0.80419921875 0.79296875 0.0283203125 0.0986328125
1 0.97021484375 0.68212890625 0.015625 0.03466796875
1 0.65087890625 0.8974609375 0.0078125 0.0224609375