0 0.701171875 0.3876953125 0.0576171875 0.0537109375
0 0.5185546875 0.861328125 0.0478515625 0.1181640625
0 0.47265625 0.25341796875 0.0478515625 0.1103515625
0 0.353515625 0.3408203125 0.0751953125 0.208984375
0 0.25390625 0.6484375 0.064453125 0.0546875
0 0.23046875 0.57568359375 0.076171875 0.0654296875
0 0.23291015625 0.4931640625 0.072265625 0.0615234375
0 0.1240234375 0.61962890625 0.080078125 0.0673828125
0 0.1923828125 0.87353515625 0.0556640625 0.11328125
0 0.0263671875 0.54296875 0.052734375 0.05859375
0 0.09228515625 0.52734375 0.07421875 0.0615234375
0 0.17041015625 0.5107421875 0.0712890625 0.0576171875
0 0.01171875 0.3193359375 0.0234375 0.1328125
0 0.02978515625 0.3046875 0.0595703125 0.130859375
0 0.064453125 0.29345703125 0.0595703125 0.1201171875
0 0.10546875 0.29296875 0.0595703125 0.1171875
0 0.140625 0.27685546875 0.048828125 0.099609375
0 0.29248046875 0.4140625 0.017578125 0.0224609375
1 0.02197265625 0.40673828125 0.0263671875 0.033203125
1 0.27880859375 0.16845703125 0.0205078125 0.033203125