0 0.72900390625 0.4755859375 0.056640625 0.052734375
0 0.37548828125 0.83984375 0.046875 0.1181640625
0 0.5712890625 0.26220703125 0.0458984375 0.1103515625
0 0.42724609375 0.29638671875 0.0712890625 0.208984375
0 0.21533203125 0.54052734375 0.0634765625 0.0546875
0 0.22216796875 0.46435546875 0.0751953125 0.064453125
0 0.2568359375 0.3896484375 0.072265625 0.060546875
0 0.107421875 0.46337890625 0.0791015625 0.06640625
0 0.0712890625 0.7236328125 0.0537109375 0.11328125
0 0.04443359375 0.35302734375 0.05859375 0.05859375
0 0.1142578125 0.36572265625 0.0732421875 0.060546875
0 0.1923828125 0.380859375 0.0712890625 0.0576171875
0 0.07177734375 0.12158203125 0.0361328125 0.1171875
0 0.10205078125 0.1357421875 0.0615234375 0.1328125
0 0.142578125 0.13623046875 0.0595703125 0.130859375
0 0.1796875 0.1396484375 0.0576171875 0.1201171875
0 0.2177734375 0.1552734375 0.05859375 0.1162109375
0 0.25634765625 0.154296875 0.0478515625 0.099609375
0 0.3427734375 0.33984375 0.017578125 0.021484375
1 0.09619140625 0.2275390625 0.0263671875 0.033203125
1 0.42578125 0.1083984375 0.01953125 0.033203125