0 0.27978515625 0.56787109375 0.04931640625 0.04443359375
0 0.55712890625 0.142578125 0.02490234375 0.115234375
0 0.4755859375 0.7470703125 0.02587890625 0.10693359375
0 0.6103515625 0.68603515625 0.03271484375 0.20703125
0 0.771484375 0.40576171875 0.05615234375 0.04443359375
0 0.779296875 0.48193359375 0.06640625 0.052734375
0 0.759765625 0.56201171875 0.0634765625 0.0498046875
0 0.892578125 0.4609375 0.0703125 0.05419921875
0 0.87841796875 0.19873046875 0.03369140625 0.1083984375
0 0.97509765625 0.55712890625 0.0498046875 0.0498046875
0 0.904296875 0.55810546875 0.0654296875 0.048828125
0 0.82470703125 0.55810546875 0.0634765625 0.0458984375
0 0.99267578125 0.78955078125 0.0146484375 0.1162109375
0 0.9599609375 0.78173828125 0.03759765625 0.1279296875
0 0.92041015625 0.7890625 0.0361328125 0.12646484375
0 0.88330078125 0.79248046875 0.03662109375 0.115234375
0 0.8427734375 0.78466796875 0.03759765625 0.111328125
0 0.80517578125 0.79296875 0.02978515625 0.095703125
0 0.68505859375 0.626953125 0.01416015625 0.01953125
1 0.9482421875 0.6904296875 0.02099609375 0.029296875
1 0.6474609375 0.8701171875 0.01416015625 0.03076171875