0 0.27978515625 0.5673828125 0.05322265625 0.0400390625
0 0.47265625 0.3583984375 0.02978515625 0.1123046875
0 0.5595703125 0.7431640625 0.02978515625 0.1416015625
0 0.4697265625 0.9111328125 0.02978515625 0.11669921875
0 0.7705078125 0.40625 0.0546875 0.0458984375
0 0.80810546875 0.4814453125 0.0654296875 0.0498046875
0 0.91552734375 0.4599609375 0.0703125 0.05419921875
0 0.7587890625 0.56201171875 0.0615234375 0.04736328125
0 0.82421875 0.55908203125 0.06494140625 0.048828125
0 0.87646484375 0.19921875 0.03369140625 0.11669921875
0 0.9033203125 0.55712890625 0.0654296875 0.05126953125
0 0.97509765625 0.55810546875 0.0498046875 0.05126953125
0 0.95947265625 0.78173828125 0.03515625 0.125
0 0.99267578125 0.78759765625 0.0146484375 0.1123046875
0 0.91796875 0.78955078125 0.0361328125 0.12060546875
0 0.8818359375 0.7939453125 0.03515625 0.11669921875
0 0.8427734375 0.78662109375 0.03759765625 0.12353515625
0 0.8037109375 0.79296875 0.0283203125 0.1025390625
0 0.6689453125 0.6318359375 0.0205078125 0.0263671875
1 0.6484375 0.84033203125 0.01171875 0.029296875
1 0.9267578125 0.689453125 0.02099609375 0.0361328125