0 0.271484375 0.4716796875 0.0595703125 0.048828125
0 0.49755859375 0.64404296875 0.048828125 0.1162109375
0 0.5166015625 0.25 0.0537109375 0.14453125
0 0.39892578125 0.1005859375 0.0498046875 0.1201171875
0 0.78271484375 0.54541015625 0.0615234375 0.0546875
0 0.806640625 0.46484375 0.0732421875 0.060546875
0 0.916015625 0.46728515625 0.0791015625 0.0654296875
0 0.744140625 0.39404296875 0.068359375 0.0576171875
0 0.80908203125 0.3857421875 0.072265625 0.0595703125
0 0.9228515625 0.73095703125 0.0537109375 0.12109375
0 0.88720703125 0.37353515625 0.0732421875 0.0615234375
0 0.9580078125 0.3603515625 0.0576171875 0.0595703125
0 0.90380859375 0.142578125 0.056640625 0.12890625
0 0.93505859375 0.13134765625 0.0341796875 0.11328125
0 0.861328125 0.14208984375 0.056640625 0.125
0 0.8251953125 0.14404296875 0.0546875 0.12109375
0 0.78759765625 0.158203125 0.05859375 0.1279296875
0 0.748046875 0.15869140625 0.0458984375 0.10546875
0 0.6435546875 0.3408203125 0.0244140625 0.029296875
1 0.5869140625 0.13916015625 0.0166015625 0.03125
1 0.88720703125 0.2392578125 0.02734375 0.0390625