0 0.7265625 0.5400390625 0.0576171875 0.0458984375
0 0.509765625 0.35595703125 0.04296875 0.115234375
0 0.470703125 0.74853515625 0.046875 0.14453125
0 0.580078125 0.904296875 0.0439453125 0.119140625
0 0.22021484375 0.43994140625 0.0595703125 0.0517578125
0 0.19189453125 0.51904296875 0.0712890625 0.0576171875
0 0.08251953125 0.5107421875 0.076171875 0.0625
0 0.25048828125 0.59326171875 0.06640625 0.0546875
0 0.185546875 0.59814453125 0.0703125 0.056640625
0 0.08984375 0.24755859375 0.0478515625 0.1201171875
0 0.1064453125 0.60595703125 0.0712890625 0.05859375
0 0.03564453125 0.61572265625 0.0556640625 0.056640625
0 0.078125 0.83544921875 0.0498046875 0.1279296875
0 0.0458984375 0.845703125 0.0283203125 0.11328125
0 0.12060546875 0.83837890625 0.05078125 0.1240234375
0 0.15673828125 0.83837890625 0.048828125 0.1201171875
0 0.19482421875 0.826171875 0.052734375 0.126953125
0 0.234375 0.82763671875 0.041015625 0.10546875
0 0.34814453125 0.6513671875 0.0234375 0.0283203125
1 0.39404296875 0.85595703125 0.015625 0.0302734375
1 0.099609375 0.740234375 0.025390625 0.0380859375