0 0.70263671875 0.6083984375 0.060546875 0.052734375
0 0.50146484375 0.72802734375 0.0537109375 0.1298828125
0 0.60595703125 0.10693359375 0.0498046875 0.109375
0 0.44873046875 0.44189453125 0.05078125 0.12109375
0 0.45947265625 0.1318359375 0.08203125 0.220703125
0 0.33984375 0.7724609375 0.0458984375 0.1103515625
0 0.23388671875 0.51220703125 0.0693359375 0.0595703125
0 0.17041015625 0.49609375 0.0732421875 0.0615234375
0 0.09326171875 0.4794921875 0.0751953125 0.064453125
0 0.025390625 0.4658203125 0.05078125 0.0546875
0 0.05224609375 0.37109375 0.078125 0.064453125
0 0.1650390625 0.4208984375 0.0732421875 0.0625
0 0.25390625 0.35595703125 0.0654296875 0.0576171875
0 0.1884765625 0.1328125 0.05078125 0.109375
0 0.01318359375 0.6875 0.0263671875 0.125
0 0.03564453125 0.703125 0.05859375 0.125
0 0.0693359375 0.71484375 0.0498046875 0.10546875
0 0.10888671875 0.71533203125 0.0537109375 0.119140625
0 0.1474609375 0.73291015625 0.0498046875 0.10546875
0 0.31103515625 0.5986328125 0.025390625 0.0302734375
1 0.29296875 0.794921875 0.017578125 0.0283203125
1 0.0869140625 0.61572265625 0.025390625 0.0283203125