0 0.28564453125 0.5830078125 0.0556640625 0.046875
0 0.470703125 0.72607421875 0.0380859375 0.1279296875
0 0.44287109375 0.0966796875 0.037109375 0.107421875
0 0.55810546875 0.4482421875 0.0361328125 0.1201171875
0 0.5849609375 0.1396484375 0.056640625 0.21875
0 0.6259765625 0.78955078125 0.033203125 0.1083984375
0 0.7626953125 0.54443359375 0.064453125 0.052734375
0 0.82763671875 0.5361328125 0.068359375 0.0546875
0 0.90625 0.529296875 0.0703125 0.0576171875
0 0.9755859375 0.5244140625 0.048828125 0.048828125
0 0.96044921875 0.4267578125 0.072265625 0.0576171875
0 0.841796875 0.46240234375 0.068359375 0.0556640625
0 0.76171875 0.38720703125 0.060546875 0.05078125
0 0.85400390625 0.173828125 0.0380859375 0.107421875
0 0.9765625 0.748046875 0.044921875 0.123046875
0 0.93603515625 0.75830078125 0.044921875 0.123046875
0 0.9013671875 0.765625 0.0380859375 0.103515625
0 0.86181640625 0.76171875 0.041015625 0.1171875
0 0.82177734375 0.77392578125 0.0380859375 0.103515625
0 0.67529296875 0.62109375 0.0224609375 0.02734375
1 0.66943359375 0.81787109375 0.0146484375 0.02734375
1 0.89599609375 0.6650390625 0.0224609375 0.0263671875