0 0.2802734375 0.56787109375 0.05322265625 0.04296875
0 0.455078125 0.7236328125 0.02978515625 0.12646484375
0 0.47119140625 0.09375 0.0302734375 0.10546875
0 0.5615234375 0.45263671875 0.0283203125 0.1181640625
0 0.60986328125 0.146484375 0.04150390625 0.216796875
0 0.60546875 0.7978515625 0.02587890625 0.10693359375
0 0.7587890625 0.5625 0.06103515625 0.048828125
0 0.82421875 0.55908203125 0.06494140625 0.0498046875
0 0.9033203125 0.5576171875 0.06640625 0.052734375
0 0.97509765625 0.5576171875 0.0498046875 0.0458984375
0 0.96435546875 0.458984375 0.06884765625 0.052734375
0 0.84375 0.486328125 0.06494140625 0.05126953125
0 0.76904296875 0.40576171875 0.05712890625 0.04736328125
0 0.8759765625 0.19921875 0.03125 0.10546875
0 0.99267578125 0.7880859375 0.0146484375 0.111328125
0 0.9580078125 0.78076171875 0.03662109375 0.12060546875
0 0.9169921875 0.7880859375 0.0361328125 0.12060546875
0 0.8818359375 0.79296875 0.03125 0.1015625
0 0.8427734375 0.7861328125 0.03271484375 0.115234375
0 0.8017578125 0.7958984375 0.03125 0.1015625
0 0.66650390625 0.6328125 0.0205078125 0.0263671875
1 0.64697265625 0.8291015625 0.01318359375 0.0263671875
1 0.88330078125 0.6923828125 0.02099609375 0.02490234375