0 0.22705078125 0.56591796875 0.068359375 0.0537109375
0 0.27001953125 0.47998046875 0.0615234375 0.05078125
0 0.4921875 0.65673828125 0.052734375 0.1279296875
0 0.6474609375 0.89892578125 0.0498046875 0.11328125
0 0.7021484375 0.94287109375 0.0498046875 0.056640625
0 0.5830078125 0.3212890625 0.0576171875 0.1123046875
0 0.51171875 0.28271484375 0.052734375 0.11328125
0 0.63623046875 0.337890625 0.0263671875 0.033203125
0 0.93017578125 0.7177734375 0.0537109375 0.1162109375
0 0.783203125 0.53515625 0.0654296875 0.056640625
0 0.859375 0.4384765625 0.07421875 0.0625
0 0.9716796875 0.4423828125 0.056640625 0.064453125
0 0.95166015625 0.3447265625 0.060546875 0.05859375
0 0.88232421875 0.3603515625 0.07421875 0.0595703125
0 0.802734375 0.37744140625 0.0771484375 0.0625
0 0.7392578125 0.3857421875 0.072265625 0.056640625
0 0.92236328125 0.1181640625 0.0380859375 0.11328125
0 0.89013671875 0.12890625 0.0625 0.12890625
0 0.84912109375 0.13037109375 0.0595703125 0.125
0 0.81298828125 0.13525390625 0.0546875 0.11328125
0 0.7734375 0.1494140625 0.0576171875 0.1103515625
0 0.736328125 0.15234375 0.0478515625 0.099609375
1 0.81640625 0.22802734375 0.0224609375 0.0283203125
1 0.5771484375 0.1455078125 0.0205078125 0.0341796875