0 0.77783203125 0.4580078125 0.06640625 0.048828125
0 0.72705078125 0.5400390625 0.0595703125 0.046875
0 0.52099609375 0.34423828125 0.0419921875 0.126953125
0 0.3876953125 0.08984375 0.041015625 0.1123046875
0 0.33740234375 0.04150390625 0.0458984375 0.0546875
0 0.40185546875 0.6708984375 0.0498046875 0.1103515625
0 0.46923828125 0.71533203125 0.04296875 0.1123046875
0 0.35009765625 0.64990234375 0.0234375 0.03125
0 0.09033203125 0.24560546875 0.044921875 0.115234375
0 0.22119140625 0.4404296875 0.0625 0.052734375
0 0.13671875 0.52978515625 0.0703125 0.0576171875
0 0.02587890625 0.51513671875 0.0517578125 0.0615234375
0 0.03662109375 0.615234375 0.0576171875 0.0546875
0 0.10693359375 0.60595703125 0.0703125 0.0546875
0 0.1875 0.595703125 0.07421875 0.056640625
0 0.25146484375 0.5927734375 0.0693359375 0.0517578125
0 0.0458984375 0.84375 0.0283203125 0.11328125
0 0.0791015625 0.83544921875 0.052734375 0.126953125
0 0.1201171875 0.837890625 0.0498046875 0.1240234375
0 0.15673828125 0.8359375 0.0458984375 0.111328125
0 0.197265625 0.82568359375 0.048828125 0.109375
0 0.23388671875 0.82568359375 0.0400390625 0.0986328125
1 0.1611328125 0.7431640625 0.0205078125 0.02734375
1 0.392578125 0.84619140625 0.017578125 0.033203125