0 0.21923828125 0.4921875 0.0615234375 0.04150390625
0 0.279296875 0.5673828125 0.0546875 0.0400390625
0 0.4599609375 0.34814453125 0.02734375 0.125
0 0.5615234375 0.0791015625 0.02734375 0.10986328125
0 0.60546875 0.02490234375 0.0400390625 0.0498046875
0 0.6181640625 0.65771484375 0.03662109375 0.10693359375
0 0.556640625 0.7099609375 0.0302734375 0.10986328125
0 0.6669921875 0.63037109375 0.0205078125 0.029296875
0 0.87548828125 0.19775390625 0.03125 0.1123046875
0 0.76953125 0.40673828125 0.05712890625 0.0458984375
0 0.8642578125 0.4853515625 0.06494140625 0.0498046875
0 0.97509765625 0.45751953125 0.0498046875 0.0556640625
0 0.97412109375 0.55810546875 0.0517578125 0.048828125
0 0.90283203125 0.55712890625 0.0654296875 0.04736328125
0 0.82177734375 0.55712890625 0.06884765625 0.048828125
0 0.7578125 0.56201171875 0.06396484375 0.04443359375
0 0.99267578125 0.78564453125 0.0146484375 0.1123046875
0 0.95849609375 0.78173828125 0.03759765625 0.12353515625
0 0.91845703125 0.7890625 0.03515625 0.12060546875
0 0.8818359375 0.79150390625 0.03271484375 0.1083984375
0 0.84033203125 0.7861328125 0.0361328125 0.10546875
0 0.8037109375 0.791015625 0.0283203125 0.095703125
1 0.8662109375 0.7001953125 0.01806640625 0.02490234375
1 0.64892578125 0.83056640625 0.01416015625 0.03173828125