0 0.279296875 0.56787109375 0.05224609375 0.04736328125
0 0.2216796875 0.4912109375 0.05859375 0.04296875
0 0.11669921875 0.48193359375 0.0546875 0.04296875
0 0.76953125 0.40771484375 0.0576171875 0.04443359375
0 0.875 0.197265625 0.0341796875 0.10400390625
0 0.97412109375 0.55810546875 0.0517578125 0.05419921875
0 0.90673828125 0.490234375 0.0634765625 0.0498046875
0 0.90185546875 0.55712890625 0.0654296875 0.0498046875
0 0.82177734375 0.55908203125 0.0673828125 0.0458984375
0 0.7568359375 0.560546875 0.0615234375 0.04443359375
0 0.71240234375 0.4951171875 0.05615234375 0.0751953125
0 0.666015625 0.6318359375 0.0244140625 0.03173828125
0 0.9931640625 0.78759765625 0.01318359375 0.111328125
0 0.95849609375 0.78125 0.03759765625 0.12353515625
0 0.9169921875 0.78759765625 0.0361328125 0.12060546875
0 0.8818359375 0.7890625 0.0361328125 0.1083984375
0 0.84130859375 0.78173828125 0.0341796875 0.10009765625
0 0.8037109375 0.79150390625 0.02880859375 0.0986328125
1 0.82177734375 0.70751953125 0.015625 0.0263671875
1 0.6484375 0.830078125 0.01318359375 0.02783203125