0 0.30029296875 0.38427734375 0.0615234375 0.0576171875
0 0.22705078125 0.44580078125 0.06640625 0.0546875
0 0.12255859375 0.43115234375 0.0625 0.0537109375
0 0.74169921875 0.650390625 0.06640625 0.056640625
0 0.79736328125 0.87939453125 0.056640625 0.109375
0 0.9716796875 0.5498046875 0.056640625 0.064453125
0 0.89404296875 0.60107421875 0.0732421875 0.0625
0 0.904296875 0.53466796875 0.0751953125 0.0634765625
0 0.82666015625 0.5146484375 0.076171875 0.0595703125
0 0.763671875 0.4990234375 0.0703125 0.0576171875
0 0.7060546875 0.552734375 0.0712890625 0.0859375
0 0.69140625 0.40869140625 0.03125 0.0361328125
0 0.98876953125 0.3291015625 0.0224609375 0.12890625
0 0.9697265625 0.31298828125 0.060546875 0.1259765625
0 0.93701171875 0.30419921875 0.0595703125 0.11328125
0 0.89599609375 0.30224609375 0.0556640625 0.10546875
0 0.861328125 0.2841796875 0.0498046875 0.1025390625
1 0.8603515625 0.3701171875 0.021484375 0.029296875
1 0.71875 0.2119140625 0.01953125 0.0302734375