0 0.28173828125 0.42431640625 0.0537109375 0.048828125
0 0.2216796875 0.4990234375 0.0595703125 0.044921875
0 0.1162109375 0.5048828125 0.056640625 0.044921875
0 0.76611328125 0.6015625 0.0595703125 0.046875
0 0.8642578125 0.8154296875 0.0380859375 0.10546875
0 0.974609375 0.45849609375 0.05078125 0.0556640625
0 0.90625 0.52392578125 0.0654296875 0.0517578125
0 0.90380859375 0.45703125 0.0673828125 0.0517578125
0 0.82373046875 0.4521484375 0.0693359375 0.0478515625
0 0.7587890625 0.4482421875 0.0634765625 0.046875
0 0.7119140625 0.51220703125 0.05859375 0.0771484375
0 0.67041015625 0.3740234375 0.025390625 0.0322265625
0 0.9970703125 0.2294921875 0.005859375 0.111328125
0 0.96826171875 0.23486328125 0.0419921875 0.125
0 0.9267578125 0.22705078125 0.0400390625 0.1220703125
0 0.8916015625 0.224609375 0.0400390625 0.109375
0 0.85107421875 0.23046875 0.0380859375 0.1015625
0 0.8134765625 0.21923828125 0.0322265625 0.099609375
1 0.82861328125 0.3037109375 0.0166015625 0.02734375
1 0.65966796875 0.17529296875 0.013671875 0.0283203125