0 0.77734375 0.52587890625 0.0615234375 0.0498046875
0 0.88720703125 0.52978515625 0.06640625 0.052734375
0 0.7109375 0.59375 0.0576171875 0.05078125
0 0.59912109375 0.31689453125 0.04296875 0.1162109375
0 0.3193359375 0.6103515625 0.0234375 0.0302734375
0 0.16455078125 0.1552734375 0.046875 0.1142578125
0 0.025390625 0.4990234375 0.05078125 0.0546875
0 0.0791015625 0.4404296875 0.0712890625 0.056640625
0 0.09375 0.50830078125 0.0732421875 0.056640625
0 0.23193359375 0.44189453125 0.0654296875 0.0595703125
0 0.244140625 0.3740234375 0.0625 0.060546875
0 0.171875 0.51904296875 0.06640625 0.0517578125
0 0.23681640625 0.529296875 0.0703125 0.0517578125
0 0.017578125 0.7236328125 0.03515625 0.123046875
0 0.05126953125 0.73388671875 0.05078125 0.123046875
0 0.08642578125 0.7421875 0.0498046875 0.1123046875
0 0.1279296875 0.7412109375 0.046875 0.111328125
0 0.16455078125 0.7548828125 0.041015625 0.0986328125
1 0.3115234375 0.79345703125 0.0166015625 0.033203125
1 0.1796875 0.666015625 0.021484375 0.03125