0 0.2216796875 0.49169921875 0.05712890625 0.04296875
0 0.11181640625 0.482421875 0.0615234375 0.0458984375
0 0.279296875 0.5673828125 0.05224609375 0.04443359375
0 0.423828125 0.30615234375 0.02978515625 0.11376953125
0 0.666015625 0.63134765625 0.0205078125 0.02783203125
0 0.875 0.19873046875 0.03369140625 0.111328125
0 0.9736328125 0.55712890625 0.0498046875 0.048828125
0 0.9248046875 0.4921875 0.0654296875 0.048828125
0 0.90234375 0.5576171875 0.0673828125 0.048828125
0 0.77294921875 0.47509765625 0.0595703125 0.052734375
0 0.76953125 0.40625 0.05615234375 0.05419921875
0 0.8232421875 0.55908203125 0.0615234375 0.04443359375
0 0.7578125 0.56103515625 0.0654296875 0.04443359375
0 0.99072265625 0.78955078125 0.0185546875 0.1083984375
0 0.95751953125 0.78125 0.03369140625 0.11962890625
0 0.9169921875 0.78662109375 0.0361328125 0.11962890625
0 0.880859375 0.791015625 0.03662109375 0.1083984375
0 0.83984375 0.78466796875 0.0341796875 0.1083984375
0 0.8017578125 0.7939453125 0.02978515625 0.095703125
1 0.6513671875 0.814453125 0.0126953125 0.03173828125
1 0.7978515625 0.70361328125 0.01806640625 0.029296875