0 0.2236328125 0.46728515625 0.060546875 0.0478515625
0 0.11474609375 0.44873046875 0.0654296875 0.05078125
0 0.2744140625 0.5478515625 0.0556640625 0.048828125
0 0.44091796875 0.30029296875 0.0400390625 0.1162109375
0 0.65380859375 0.6455078125 0.0224609375 0.029296875
0 0.89990234375 0.232421875 0.04296875 0.1142578125
0 0.966796875 0.59814453125 0.0537109375 0.052734375
0 0.923828125 0.529296875 0.0693359375 0.0546875
0 0.89599609375 0.59228515625 0.0712890625 0.0546875
0 0.77392578125 0.4990234375 0.0634765625 0.0576171875
0 0.77685546875 0.43017578125 0.060546875 0.05859375
0 0.81689453125 0.5869140625 0.0654296875 0.0498046875
0 0.75146484375 0.58349609375 0.0693359375 0.0498046875
0 0.96337890625 0.8310546875 0.0283203125 0.109375
0 0.93115234375 0.81982421875 0.0439453125 0.1220703125
0 0.890625 0.82177734375 0.046875 0.1220703125
0 0.85400390625 0.8232421875 0.0458984375 0.111328125
0 0.81396484375 0.81298828125 0.0439453125 0.111328125
0 0.77490234375 0.8193359375 0.0380859375 0.09765625
1 0.62353515625 0.82666015625 0.015625 0.033203125
1 0.77880859375 0.72900390625 0.0205078125 0.0302734375