0 0.2802734375 0.5673828125 0.0546875 0.033203125
0 0.220703125 0.48974609375 0.06103515625 0.0390625
0 0.12109375 0.48193359375 0.06884765625 0.0458984375
0 0.6669921875 0.63134765625 0.02197265625 0.02490234375
0 0.8759765625 0.19775390625 0.0302734375 0.10546875
0 0.76904296875 0.40576171875 0.05712890625 0.04296875
0 0.81787109375 0.470703125 0.05859375 0.04443359375
0 0.9443359375 0.4931640625 0.06787109375 0.048828125
0 0.97509765625 0.55712890625 0.0498046875 0.04443359375
0 0.90234375 0.55712890625 0.06494140625 0.048828125
0 0.8232421875 0.55908203125 0.0634765625 0.0458984375
0 0.7568359375 0.56201171875 0.0634765625 0.04443359375
0 0.99169921875 0.78955078125 0.0166015625 0.10986328125
0 0.95947265625 0.78271484375 0.03369140625 0.12646484375
0 0.91796875 0.78955078125 0.0341796875 0.11962890625
0 0.88134765625 0.79150390625 0.03759765625 0.115234375
0 0.8427734375 0.78759765625 0.03515625 0.1181640625
0 0.802734375 0.794921875 0.03125 0.09423828125