0 0.2724609375 0.4677734375 0.0595703125 0.041015625
0 0.2255859375 0.5537109375 0.06640625 0.0478515625
0 0.12841796875 0.5771484375 0.0751953125 0.0556640625
0 0.64453125 0.34423828125 0.025390625 0.0283203125
0 0.91845703125 0.73974609375 0.046875 0.109375
0 0.7802734375 0.55078125 0.0634765625 0.0517578125
0 0.818359375 0.47900390625 0.064453125 0.052734375
0 0.93994140625 0.43701171875 0.07421875 0.05859375
0 0.96044921875 0.369140625 0.0556640625 0.0517578125
0 0.888671875 0.380859375 0.072265625 0.05859375
0 0.81005859375 0.39111328125 0.0703125 0.0556640625
0 0.744140625 0.3984375 0.0693359375 0.0537109375
0 0.9404296875 0.13720703125 0.033203125 0.111328125
0 0.90966796875 0.14892578125 0.052734375 0.1298828125
0 0.86767578125 0.1484375 0.052734375 0.123046875
0 0.8310546875 0.15234375 0.0546875 0.1201171875
0 0.79345703125 0.162109375 0.052734375 0.1220703125
0 0.7529296875 0.1611328125 0.0458984375 0.09765625