0 0.7255859375 0.5439453125 0.0576171875 0.0390625
0 0.77685546875 0.46044921875 0.064453125 0.044921875
0 0.875 0.4423828125 0.0732421875 0.052734375
0 0.34765625 0.64794921875 0.0244140625 0.02734375
0 0.0947265625 0.23876953125 0.041015625 0.1083984375
0 0.22265625 0.4345703125 0.0615234375 0.048828125
0 0.1806640625 0.50390625 0.0625 0.05078125
0 0.0576171875 0.53955078125 0.072265625 0.0556640625
0 0.03369140625 0.6064453125 0.0537109375 0.0498046875
0 0.10595703125 0.5986328125 0.0693359375 0.0556640625
0 0.1845703125 0.5927734375 0.068359375 0.052734375
0 0.2509765625 0.58837890625 0.0673828125 0.05078125
0 0.04150390625 0.83935546875 0.0283203125 0.111328125
0 0.07275390625 0.8291015625 0.046875 0.12890625
0 0.11474609375 0.83154296875 0.046875 0.1220703125
0 0.1513671875 0.82958984375 0.0498046875 0.1181640625
0 0.18896484375 0.82177734375 0.046875 0.12109375
0 0.22998046875 0.82470703125 0.041015625 0.0966796875