0 0.30126953125 0.6220703125 0.060546875 0.0537109375
0 0.1328125 0.56982421875 0.0634765625 0.048828125
0 0.7685546875 0.5107421875 0.072265625 0.0595703125
0 0.8330078125 0.4892578125 0.072265625 0.0595703125
0 0.9091796875 0.47314453125 0.076171875 0.0625
0 0.74560546875 0.3525390625 0.068359375 0.060546875
0 0.80126953125 0.12841796875 0.0576171875 0.1142578125
0 0.97412109375 0.45703125 0.0517578125 0.056640625
0 0.99169921875 0.6787109375 0.0166015625 0.125
0 0.97314453125 0.6943359375 0.0537109375 0.123046875
0 0.94091796875 0.7060546875 0.0615234375 0.1171875
0 0.90087890625 0.712890625 0.060546875 0.1279296875
0 0.86376953125 0.724609375 0.0537109375 0.1015625