0 0.27880859375 0.57421875 0.0517578125 0.04296875
0 0.12646484375 0.4853515625 0.05615234375 0.03759765625
0 0.75927734375 0.57080078125 0.06396484375 0.0458984375
0 0.82666015625 0.564453125 0.06396484375 0.0458984375
0 0.90478515625 0.56591796875 0.0673828125 0.048828125
0 0.7724609375 0.41162109375 0.05859375 0.048828125
0 0.876953125 0.20556640625 0.0341796875 0.10986328125
0 0.97509765625 0.5654296875 0.0498046875 0.046875
0 0.99462890625 0.80224609375 0.0107421875 0.10693359375
0 0.9609375 0.7900390625 0.03515625 0.12060546875
0 0.919921875 0.79638671875 0.0341796875 0.1181640625
0 0.88330078125 0.7998046875 0.03759765625 0.111328125
0 0.8427734375 0.7978515625 0.03369140625 0.12353515625
0 0.8037109375 0.80078125 0.03271484375 0.09716796875