0 0.27001953125 0.53466796875 0.0595703125 0.0517578125
0 0.22705078125 0.44873046875 0.060546875 0.0478515625
0 0.12744140625 0.42236328125 0.0634765625 0.052734375
0 0.42236328125 0.5556640625 0.0439453125 0.1162109375
0 0.78125 0.44921875 0.0615234375 0.052734375
0 0.91943359375 0.2626953125 0.0458984375 0.1064453125
0 0.966796875 0.568359375 0.0625 0.0556640625
0 0.9609375 0.626953125 0.0556640625 0.05078125
0 0.8671875 0.5234375 0.068359375 0.0576171875
0 0.88818359375 0.61962890625 0.0751953125 0.0615234375
0 0.81005859375 0.60888671875 0.0712890625 0.052734375
0 0.7451171875 0.6015625 0.06640625 0.056640625
0 0.6142578125 0.6865234375 0.0224609375 0.0322265625
0 0.94189453125 0.86083984375 0.03125 0.1083984375
0 0.90966796875 0.85009765625 0.0537109375 0.1279296875
0 0.86669921875 0.84912109375 0.05078125 0.123046875
0 0.83349609375 0.84912109375 0.0556640625 0.11328125
0 0.79248046875 0.83642578125 0.056640625 0.1181640625
0 0.75537109375 0.8369140625 0.044921875 0.1025390625
1 0.6171875 0.826171875 0.01953125 0.0322265625