0 0.26953125 0.46923828125 0.060546875 0.052734375
0 0.22802734375 0.5556640625 0.060546875 0.048828125
0 0.12841796875 0.58447265625 0.064453125 0.0537109375
0 0.42138671875 0.44580078125 0.0458984375 0.1162109375
0 0.7822265625 0.5458984375 0.0625 0.0537109375
0 0.92333984375 0.72998046875 0.0478515625 0.1064453125
0 0.96533203125 0.42333984375 0.0634765625 0.056640625
0 0.95849609375 0.365234375 0.056640625 0.0517578125
0 0.86669921875 0.47021484375 0.068359375 0.05859375
0 0.88623046875 0.37353515625 0.076171875 0.0625
0 0.80810546875 0.3857421875 0.072265625 0.0537109375
0 0.7431640625 0.39404296875 0.0673828125 0.056640625
0 0.61083984375 0.3115234375 0.0224609375 0.0322265625
0 0.935546875 0.1318359375 0.033203125 0.1083984375
0 0.90380859375 0.142578125 0.0556640625 0.1279296875
0 0.86083984375 0.14453125 0.052734375 0.123046875
0 0.8271484375 0.1455078125 0.0576171875 0.11328125
0 0.7861328125 0.15869140625 0.05859375 0.119140625
0 0.74951171875 0.15869140625 0.046875 0.1025390625
1 0.61181640625 0.171875 0.01953125 0.033203125