0 0.2783203125 0.5703125 0.05322265625 0.04443359375
0 0.22265625 0.4921875 0.0546875 0.0400390625
0 0.11962890625 0.4814453125 0.0576171875 0.04443359375
0 0.43212890625 0.56689453125 0.0263671875 0.11376953125
0 0.77001953125 0.40576171875 0.0556640625 0.04443359375
0 0.876953125 0.2001953125 0.0302734375 0.1025390625
0 0.9716796875 0.49462890625 0.05615234375 0.04736328125
0 0.97509765625 0.55322265625 0.0498046875 0.0439453125
0 0.8662109375 0.4658203125 0.06103515625 0.048828125
0 0.90234375 0.5576171875 0.06787109375 0.05126953125
0 0.8232421875 0.55908203125 0.0654296875 0.04296875
0 0.7578125 0.56201171875 0.06005859375 0.04736328125
0 0.64208984375 0.66650390625 0.01806640625 0.029296875
0 0.99267578125 0.787109375 0.0146484375 0.107421875
0 0.95947265625 0.78173828125 0.03515625 0.12353515625
0 0.9169921875 0.78759765625 0.03271484375 0.11962890625
0 0.8837890625 0.79248046875 0.0390625 0.1083984375
0 0.84130859375 0.78662109375 0.0390625 0.11376953125
0 0.80517578125 0.79296875 0.02978515625 0.0986328125
1 0.6669921875 0.8037109375 0.0146484375 0.03076171875