0 0.22216796875 0.45654296875 0.0673828125 0.0498046875
0 0.12548828125 0.44775390625 0.06640625 0.0537109375
0 0.29443359375 0.392578125 0.0595703125 0.0478515625
0 0.59228515625 0.2998046875 0.044921875 0.1005859375
0 0.6435546875 0.279296875 0.0234375 0.0341796875
0 0.81884765625 0.85791015625 0.0478515625 0.109375
0 0.7490234375 0.63916015625 0.064453125 0.0537109375
0 0.87060546875 0.59521484375 0.0712890625 0.0537109375
0 0.9716796875 0.5849609375 0.048828125 0.0546875
0 0.97265625 0.5244140625 0.0546875 0.052734375
0 0.90625 0.51171875 0.0712890625 0.0595703125
0 0.82958984375 0.49267578125 0.0703125 0.0498046875
0 0.76513671875 0.47900390625 0.06640625 0.0556640625
0 0.986328125 0.2978515625 0.02734375 0.125
0 0.9619140625 0.2880859375 0.052734375 0.1220703125
0 0.9248046875 0.27783203125 0.0556640625 0.1123046875
0 0.88525390625 0.27392578125 0.0537109375 0.1162109375
0 0.8515625 0.26025390625 0.046875 0.103515625
1 0.74072265625 0.2880859375 0.0205078125 0.02734375
1 0.724609375 0.22509765625 0.01953125 0.03515625
1 0.80419921875 0.767578125 0.01953125 0.0283203125