0 0.22216796875 0.45556640625 0.06640625 0.0478515625
0 0.12744140625 0.43408203125 0.0654296875 0.052734375
0 0.27099609375 0.5390625 0.05859375 0.0458984375
0 0.52587890625 0.71923828125 0.0419921875 0.1005859375
0 0.568359375 0.75439453125 0.0224609375 0.0341796875
0 0.91357421875 0.2578125 0.0439453125 0.1083984375
0 0.77978515625 0.44482421875 0.0625 0.0517578125
0 0.8818359375 0.52392578125 0.0703125 0.0517578125
0 0.97509765625 0.56494140625 0.046875 0.0537109375
0 0.96044921875 0.62353515625 0.0595703125 0.0517578125
0 0.89013671875 0.61474609375 0.0693359375 0.0576171875
0 0.81103515625 0.60888671875 0.0693359375 0.0478515625
0 0.74560546875 0.60205078125 0.0654296875 0.0537109375
0 0.94775390625 0.85546875 0.0302734375 0.1123046875
0 0.91357421875 0.84716796875 0.052734375 0.1240234375
0 0.87353515625 0.84423828125 0.048828125 0.12109375
0 0.83544921875 0.84228515625 0.0517578125 0.111328125
0 0.796875 0.833984375 0.05078125 0.115234375
0 0.76025390625 0.8369140625 0.04296875 0.103515625
1 0.66357421875 0.77587890625 0.01953125 0.02734375
1 0.62841796875 0.83056640625 0.0185546875 0.03515625
1 0.8720703125 0.33984375 0.01953125 0.0283203125