0 0.21875 0.49462890625 0.0615234375 0.0400390625
0 0.1220703125 0.486328125 0.0595703125 0.04443359375
0 0.27880859375 0.5703125 0.05322265625 0.0390625
0 0.55615234375 0.71337890625 0.02880859375 0.09716796875
0 0.60302734375 0.7421875 0.0185546875 0.03173828125
0 0.8759765625 0.20263671875 0.02978515625 0.10546875
0 0.76953125 0.40625 0.05712890625 0.04443359375
0 0.88134765625 0.470703125 0.06494140625 0.04296875
0 0.9794921875 0.498046875 0.04052734375 0.048828125
0 0.97314453125 0.55810546875 0.0537109375 0.04443359375
0 0.90234375 0.55908203125 0.0634765625 0.048828125
0 0.8232421875 0.564453125 0.06494140625 0.0390625
0 0.75732421875 0.56689453125 0.0595703125 0.0458984375
0 0.99267578125 0.78955078125 0.0146484375 0.111328125
0 0.9580078125 0.7861328125 0.0361328125 0.12060546875
0 0.91796875 0.7890625 0.03271484375 0.1181640625
0 0.8798828125 0.79248046875 0.03759765625 0.10693359375
0 0.84033203125 0.78955078125 0.03515625 0.111328125
0 0.8046875 0.79736328125 0.02978515625 0.10009765625
1 0.7001953125 0.75048828125 0.0166015625 0.02490234375
1 0.67333984375 0.8095703125 0.01416015625 0.033203125
1 0.84619140625 0.28955078125 0.015625 0.0263671875