0 0.865234375 0.3955078125 0.060546875 0.052734375
0 0.77294921875 0.42822265625 0.06640625 0.0634765625
0 0.73388671875 0.5166015625 0.05859375 0.0498046875
0 0.5400390625 0.697265625 0.0244140625 0.03125
0 0.06494140625 0.3046875 0.0556640625 0.1123046875
0 0.2197265625 0.48046875 0.0693359375 0.05859375
0 0.03125 0.61474609375 0.0458984375 0.056640625
0 0.11572265625 0.56884765625 0.068359375 0.05859375
0 0.0546875 0.6748046875 0.0595703125 0.0556640625
0 0.126953125 0.66064453125 0.078125 0.0634765625
0 0.20458984375 0.642578125 0.07421875 0.05859375
0 0.26708984375 0.62744140625 0.072265625 0.0615234375
0 0.09375 0.90625 0.0419921875 0.115234375
0 0.12646484375 0.89013671875 0.0634765625 0.126953125
0 0.16650390625 0.88720703125 0.0634765625 0.123046875
0 0.2021484375 0.8798828125 0.0625 0.1171875
0 0.24072265625 0.86328125 0.0576171875 0.11328125
0 0.27978515625 0.86328125 0.0478515625 0.0927734375
1 0.39306640625 0.86279296875 0.0185546875 0.03125
1 0.40625 0.8486328125 0.0185546875 0.02734375
1 0.083984375 0.39404296875 0.0224609375 0.0244140625