0 0.1201171875 0.48681640625 0.0517578125 0.04150390625
0 0.2177734375 0.49658203125 0.05615234375 0.05126953125
0 0.27734375 0.57275390625 0.05078125 0.0390625
0 0.5087890625 0.701171875 0.0185546875 0.02783203125
0 0.875 0.205078125 0.0302734375 0.1083984375
0 0.76708984375 0.4130859375 0.06005859375 0.0458984375
0 0.982421875 0.498046875 0.03515625 0.0498046875
0 0.8896484375 0.4736328125 0.05859375 0.0458984375
0 0.974609375 0.56201171875 0.05078125 0.04443359375
0 0.90087890625 0.5654296875 0.06787109375 0.048828125
0 0.8212890625 0.56689453125 0.0654296875 0.04443359375
0 0.7568359375 0.5673828125 0.0625 0.04736328125
0 0.99267578125 0.7958984375 0.0146484375 0.115234375
0 0.95703125 0.7880859375 0.03515625 0.1220703125
0 0.9169921875 0.794921875 0.0361328125 0.1181640625
0 0.880859375 0.79638671875 0.03662109375 0.111328125
0 0.83935546875 0.78955078125 0.03271484375 0.1083984375
0 0.8017578125 0.79931640625 0.02734375 0.0888671875
1 0.69140625 0.826171875 0.01171875 0.029296875
1 0.67529296875 0.8154296875 0.01318359375 0.02490234375
1 0.8779296875 0.29638671875 0.01806640625 0.02099609375