0 0.1201171875 0.5 0.052734375 0.04296875
0 0.2177734375 0.50634765625 0.0576171875 0.052734375
0 0.27978515625 0.58056640625 0.0517578125 0.041015625
0 0.515625 0.70068359375 0.01953125 0.0283203125
0 0.8642578125 0.1923828125 0.0341796875 0.109375
0 0.763671875 0.40380859375 0.0615234375 0.0478515625
0 0.9814453125 0.4814453125 0.037109375 0.05078125
0 0.888671875 0.4599609375 0.060546875 0.0478515625
0 0.97509765625 0.54541015625 0.0498046875 0.0458984375
0 0.90283203125 0.55126953125 0.0693359375 0.05078125
0 0.8232421875 0.5556640625 0.0673828125 0.046875
0 0.7587890625 0.55859375 0.064453125 0.0498046875
0 0.99658203125 0.7783203125 0.0068359375 0.115234375
0 0.966796875 0.77197265625 0.0390625 0.123046875
0 0.92724609375 0.7802734375 0.0400390625 0.119140625
0 0.89111328125 0.78271484375 0.0400390625 0.1123046875
0 0.84912109375 0.77734375 0.0361328125 0.109375
0 0.81201171875 0.78857421875 0.0302734375 0.08984375
1 0.70263671875 0.8193359375 0.0126953125 0.029296875
1 0.68603515625 0.80908203125 0.013671875 0.025390625
1 0.87060546875 0.283203125 0.0185546875 0.021484375