0 0.578125 0.34912109375 0.0234375 0.02734375
0 0.87060546875 0.5693359375 0.0615234375 0.0498046875
0 0.77880859375 0.54638671875 0.064453125 0.0419921875
0 0.732421875 0.46240234375 0.0556640625 0.048828125
0 0.0595703125 0.1328125 0.0322265625 0.1123046875
0 0.09375 0.142578125 0.0537109375 0.1298828125
0 0.13427734375 0.1435546875 0.0498046875 0.1201171875
0 0.171875 0.1455078125 0.0537109375 0.1162109375
0 0.20947265625 0.15869140625 0.0498046875 0.1083984375
0 0.2490234375 0.15771484375 0.04296875 0.0986328125
0 0.2568359375 0.392578125 0.068359375 0.0576171875
0 0.19091796875 0.384765625 0.0703125 0.052734375
0 0.11376953125 0.37353515625 0.072265625 0.0595703125
0 0.0419921875 0.36474609375 0.0595703125 0.0576171875
0 0.0234375 0.423828125 0.0419921875 0.0498046875
0 0.103515625 0.4658203125 0.0673828125 0.0537109375
0 0.22314453125 0.54638671875 0.0615234375 0.0537109375
0 0.083984375 0.73046875 0.048828125 0.107421875
1 0.37353515625 0.1103515625 0.017578125 0.0283203125
1 0.3759765625 0.1611328125 0.013671875 0.029296875
1 0.07666015625 0.63671875 0.01953125 0.0244140625