0 0.4462890625 0.6611328125 0.01953125 0.02490234375
0 0.123046875 0.48974609375 0.05615234375 0.04150390625
0 0.21728515625 0.498046875 0.0595703125 0.033203125
0 0.2763671875 0.57373046875 0.0498046875 0.04150390625
0 0.99267578125 0.7939453125 0.0146484375 0.111328125
0 0.95703125 0.78955078125 0.0341796875 0.12646484375
0 0.9169921875 0.794921875 0.0322265625 0.11669921875
0 0.87939453125 0.798828125 0.03662109375 0.1123046875
0 0.84033203125 0.79150390625 0.0341796875 0.10400390625
0 0.80126953125 0.798828125 0.0283203125 0.095703125
0 0.7568359375 0.56787109375 0.06103515625 0.048828125
0 0.8232421875 0.5654296875 0.06396484375 0.04296875
0 0.9013671875 0.564453125 0.06494140625 0.0498046875
0 0.9736328125 0.56201171875 0.05224609375 0.0498046875
0 0.982421875 0.50048828125 0.03515625 0.04443359375
0 0.89697265625 0.4716796875 0.06103515625 0.04443359375
0 0.76611328125 0.4111328125 0.0546875 0.0458984375
0 0.875 0.20703125 0.03271484375 0.10400390625
1 0.68603515625 0.865234375 0.01318359375 0.0263671875
1 0.67529296875 0.8154296875 0.00927734375 0.02783203125
1 0.89697265625 0.298828125 0.0166015625 0.0224609375