0 0.51025390625 0.33056640625 0.025390625 0.029296875
0 0.86669921875 0.412109375 0.0654296875 0.0546875
0 0.7734375 0.4287109375 0.06640625 0.0478515625
0 0.69677734375 0.37109375 0.05859375 0.052734375
0 0.0078125 0.337890625 0.015625 0.130859375
0 0.02587890625 0.3232421875 0.0517578125 0.12109375
0 0.05615234375 0.3095703125 0.064453125 0.1181640625
0 0.095703125 0.306640625 0.0595703125 0.109375
0 0.1318359375 0.28955078125 0.0517578125 0.099609375
0 0.234375 0.5009765625 0.0712890625 0.0625
0 0.1708984375 0.5205078125 0.0732421875 0.0576171875
0 0.095703125 0.54150390625 0.0751953125 0.064453125
0 0.02880859375 0.56201171875 0.0576171875 0.0615234375
0 0.03369140625 0.62451171875 0.0458984375 0.0517578125
0 0.1240234375 0.6298828125 0.0703125 0.05859375
0 0.26611328125 0.65478515625 0.064453125 0.05859375
0 0.21337890625 0.8798828125 0.05859375 0.109375
1 0.2255859375 0.1953125 0.01953125 0.029296875
1 0.2490234375 0.24072265625 0.0166015625 0.029296875
1 0.16845703125 0.796875 0.021484375 0.0263671875