0 0.37158203125 0.63037109375 0.02197265625 0.02099609375
0 0.2783203125 0.57421875 0.0498046875 0.04296875
0 0.2197265625 0.498046875 0.05712890625 0.04296875
0 0.1240234375 0.4873046875 0.0576171875 0.04150390625
0 0.875 0.20361328125 0.0341796875 0.10693359375
0 0.98291015625 0.50146484375 0.0341796875 0.0439453125
0 0.97412109375 0.5625 0.0517578125 0.048828125
0 0.8974609375 0.47412109375 0.06005859375 0.0458984375
0 0.76904296875 0.4130859375 0.0556640625 0.04736328125
0 0.82275390625 0.5654296875 0.06640625 0.0458984375
0 0.9013671875 0.56396484375 0.0625 0.05126953125
0 0.75537109375 0.56884765625 0.0634765625 0.04443359375
0 0.99169921875 0.7939453125 0.0166015625 0.1083984375
0 0.95703125 0.7890625 0.0322265625 0.11962890625
0 0.9169921875 0.791015625 0.03662109375 0.1181640625
0 0.88232421875 0.80078125 0.03515625 0.1123046875
0 0.841796875 0.7880859375 0.0302734375 0.10546875
0 0.8017578125 0.7998046875 0.02587890625 0.09326171875
0 0.5986328125 0.9755859375 0.0263671875 0.048828125
1 0.6826171875 0.90087890625 0.0146484375 0.02783203125
1 0.6748046875 0.81396484375 0.01416015625 0.02490234375
1 0.9111328125 0.3037109375 0.02197265625 0.0234375