0 0.62841796875 0.63037109375 0.021484375 0.021484375
0 0.7216796875 0.57421875 0.0498046875 0.04296875
0 0.7802734375 0.498046875 0.056640625 0.04296875
0 0.8759765625 0.4873046875 0.0576171875 0.041015625
0 0.125 0.20361328125 0.0341796875 0.107421875
0 0.01708984375 0.50146484375 0.0341796875 0.0439453125
0 0.02587890625 0.5625 0.0517578125 0.048828125
0 0.1025390625 0.47412109375 0.060546875 0.0458984375
0 0.23095703125 0.4130859375 0.0556640625 0.046875
0 0.17724609375 0.5654296875 0.06640625 0.0458984375
0 0.0986328125 0.56396484375 0.0625 0.05078125
0 0.24462890625 0.56884765625 0.0634765625 0.044921875
0 0.00830078125 0.7939453125 0.0166015625 0.1083984375
0 0.04296875 0.7890625 0.0322265625 0.119140625
0 0.0830078125 0.791015625 0.037109375 0.1181640625
0 0.11767578125 0.80078125 0.03515625 0.1123046875
0 0.158203125 0.7880859375 0.0302734375 0.10546875
0 0.1982421875 0.7998046875 0.025390625 0.09375
0 0.4013671875 0.9755859375 0.0263671875 0.048828125
1 0.3173828125 0.90087890625 0.0146484375 0.02734375
1 0.3251953125 0.81396484375 0.013671875 0.025390625
1 0.0888671875 0.3037109375 0.021484375 0.0234375