0 0.6474609375 0.39111328125 0.025390625 0.0244140625
0 0.73046875 0.46142578125 0.0556640625 0.0498046875
0 0.7763671875 0.5458984375 0.0634765625 0.0517578125
0 0.869140625 0.5712890625 0.0634765625 0.0498046875
0 0.0830078125 0.73388671875 0.05078125 0.111328125
0 0.0234375 0.4228515625 0.041015625 0.048828125
0 0.04150390625 0.3642578125 0.05859375 0.056640625
0 0.103515625 0.46337890625 0.06640625 0.0546875
0 0.220703125 0.5439453125 0.0625 0.0556640625
0 0.19140625 0.384765625 0.0732421875 0.0556640625
0 0.11376953125 0.3740234375 0.0693359375 0.060546875
0 0.25830078125 0.39208984375 0.0693359375 0.0537109375
0 0.060546875 0.1328125 0.033203125 0.109375
0 0.09375 0.14306640625 0.05078125 0.123046875
0 0.1337890625 0.1474609375 0.0546875 0.1220703125
0 0.16943359375 0.14306640625 0.052734375 0.1162109375
0 0.20751953125 0.162109375 0.046875 0.109375
0 0.2490234375 0.15673828125 0.0400390625 0.095703125
0 0.4765625 0.0205078125 0.033203125 0.041015625
1 0.38232421875 0.07568359375 0.0185546875 0.029296875
1 0.37646484375 0.16259765625 0.017578125 0.0263671875
1 0.06298828125 0.62939453125 0.025390625 0.0263671875