0 0.3115234375 0.35546875 0.021484375 0.0205078125
0 0.29296875 0.390625 0.0576171875 0.0478515625
0 0.22509765625 0.45703125 0.060546875 0.0439453125
0 0.12646484375 0.45068359375 0.064453125 0.0517578125
0 0.49462890625 0.3427734375 0.0439453125 0.1162109375
0 0.64892578125 0.20556640625 0.0478515625 0.1201171875
0 0.8251953125 0.85009765625 0.048828125 0.1103515625
0 0.9755859375 0.57373046875 0.04296875 0.0498046875
0 0.88720703125 0.58837890625 0.0654296875 0.05078125
0 0.74951171875 0.62939453125 0.0615234375 0.052734375
0 0.97412109375 0.509765625 0.0517578125 0.0546875
0 0.9072265625 0.4990234375 0.072265625 0.0556640625
0 0.83056640625 0.484375 0.0703125 0.0537109375
0 0.763671875 0.4736328125 0.0673828125 0.0537109375
0 0.98486328125 0.28564453125 0.0302734375 0.1240234375
0 0.9580078125 0.27392578125 0.0478515625 0.1181640625
0 0.92333984375 0.26416015625 0.05078125 0.1162109375
0 0.88330078125 0.259765625 0.05078125 0.1142578125
0 0.84521484375 0.24853515625 0.0419921875 0.0947265625
1 0.74853515625 0.0947265625 0.0166015625 0.0283203125
1 0.7216796875 0.21337890625 0.017578125 0.0244140625
1 0.8935546875 0.7626953125 0.01953125 0.025390625