0 0.291015625 0.61328125 0.0185546875 0.01806640625
0 0.2783203125 0.57568359375 0.0517578125 0.0400390625
0 0.2216796875 0.49951171875 0.0556640625 0.0361328125
0 0.12353515625 0.490234375 0.05859375 0.04296875
0 0.47021484375 0.654296875 0.0263671875 0.11376953125
0 0.60107421875 0.81396484375 0.02978515625 0.11669921875
0 0.8759765625 0.205078125 0.03271484375 0.10693359375
0 0.9814453125 0.50146484375 0.03662109375 0.04443359375
0 0.896484375 0.47314453125 0.0595703125 0.04150390625
0 0.7666015625 0.4111328125 0.0556640625 0.04443359375
0 0.9736328125 0.564453125 0.05224609375 0.04736328125
0 0.90185546875 0.564453125 0.0654296875 0.0458984375
0 0.82421875 0.5673828125 0.06396484375 0.04443359375
0 0.75634765625 0.5673828125 0.06103515625 0.04443359375
0 0.9921875 0.7958984375 0.015625 0.10986328125
0 0.9580078125 0.7890625 0.0361328125 0.11962890625
0 0.9169921875 0.794921875 0.0302734375 0.115234375
0 0.88134765625 0.79931640625 0.03369140625 0.1123046875
0 0.8408203125 0.79736328125 0.0341796875 0.10986328125
0 0.8017578125 0.80224609375 0.0283203125 0.091796875
1 0.68212890625 0.93896484375 0.0126953125 0.0263671875
1 0.67431640625 0.81787109375 0.01416015625 0.0224609375
1 0.9296875 0.30224609375 0.015625 0.0234375