0 0.27197265625 0.5673828125 0.021484375 0.021484375
0 0.267578125 0.52783203125 0.05859375 0.0498046875
0 0.22802734375 0.44189453125 0.0615234375 0.046875
0 0.1337890625 0.412109375 0.06640625 0.0546875
0 0.43896484375 0.64453125 0.0498046875 0.1171875
0 0.53369140625 0.828125 0.0537109375 0.1201171875
0 0.92919921875 0.28955078125 0.0546875 0.111328125
0 0.970703125 0.6015625 0.044921875 0.05078125
0 0.8935546875 0.55615234375 0.0673828125 0.052734375
0 0.779296875 0.46826171875 0.0634765625 0.0546875
0 0.94970703125 0.66162109375 0.060546875 0.0576171875
0 0.8798828125 0.646484375 0.0732421875 0.05859375
0 0.80322265625 0.63330078125 0.072265625 0.056640625
0 0.73681640625 0.619140625 0.0693359375 0.056640625
0 0.919921875 0.8916015625 0.0380859375 0.1103515625
0 0.8876953125 0.8779296875 0.060546875 0.125
0 0.8466796875 0.875 0.0537109375 0.119140625
0 0.810546875 0.8720703125 0.056640625 0.1171875
0 0.771484375 0.86181640625 0.056640625 0.1142578125
0 0.732421875 0.8583984375 0.046875 0.095703125
1 0.5869140625 0.96728515625 0.017578125 0.0283203125
1 0.6044921875 0.84716796875 0.0185546875 0.025390625
1 0.96142578125 0.39599609375 0.0205078125 0.0263671875