0 0.7822265625 0.36376953125 0.021484375 0.0234375
0 0.71728515625 0.41064453125 0.0537109375 0.0439453125
0 0.78173828125 0.47998046875 0.05859375 0.0439453125
0 0.876953125 0.48388671875 0.056640625 0.046875
0 0.55712890625 0.83447265625 0.0361328125 0.111328125
0 0.369140625 0.34619140625 0.0498046875 0.1123046875
0 0.17822265625 0.22216796875 0.03515625 0.09765625
0 0.1396484375 0.23046875 0.0439453125 0.11328125
0 0.09912109375 0.23095703125 0.037109375 0.10546875
0 0.064453125 0.23681640625 0.0380859375 0.1201171875
0 0.021484375 0.24267578125 0.04296875 0.1259765625
0 0.02392578125 0.46826171875 0.0478515625 0.0478515625
0 0.01953125 0.53173828125 0.0390625 0.04296875
0 0.10400390625 0.5537109375 0.05859375 0.046875
0 0.09326171875 0.4638671875 0.068359375 0.048828125
0 0.173828125 0.45703125 0.068359375 0.048828125
0 0.2392578125 0.60693359375 0.056640625 0.052734375
0 0.14501953125 0.81982421875 0.041015625 0.109375
0 0.23828125 0.44677734375 0.0673828125 0.0556640625
1 0.07080078125 0.73095703125 0.017578125 0.0244140625
1 0.28564453125 0.0419921875 0.0185546875 0.0390625
1 0.3037109375 0.197265625 0.0146484375 0.021484375