0 0.208984375 0.6162109375 0.01953125 0.0224609375
0 0.27685546875 0.57373046875 0.05078125 0.0400390625
0 0.2177734375 0.50048828125 0.05615234375 0.0400390625
0 0.123046875 0.48974609375 0.0537109375 0.04296875
0 0.46630859375 0.16259765625 0.0283203125 0.10986328125
0 0.61962890625 0.66259765625 0.0419921875 0.10986328125
0 0.8017578125 0.7998046875 0.02880859375 0.095703125
0 0.8408203125 0.7939453125 0.03662109375 0.111328125
0 0.88134765625 0.79638671875 0.0302734375 0.10400390625
0 0.916015625 0.79296875 0.02978515625 0.1181640625
0 0.9599609375 0.7900390625 0.03515625 0.12353515625
0 0.994140625 0.7958984375 0.01171875 0.10693359375
0 0.97509765625 0.564453125 0.0498046875 0.04443359375
0 0.9814453125 0.501953125 0.03662109375 0.0400390625
0 0.89892578125 0.47412109375 0.05615234375 0.04296875
0 0.9033203125 0.564453125 0.06494140625 0.04443359375
0 0.822265625 0.5654296875 0.06494140625 0.04443359375
0 0.767578125 0.41162109375 0.0537109375 0.048828125
0 0.87646484375 0.20556640625 0.03369140625 0.10693359375
0 0.75732421875 0.5712890625 0.0634765625 0.05126953125
1 0.9443359375 0.29931640625 0.015625 0.0234375
1 0.68212890625 0.9716796875 0.015625 0.03759765625
1 0.6748046875 0.81591796875 0.01318359375 0.02099609375