0 0.791015625 0.6162109375 0.01953125 0.0224609375
0 0.72314453125 0.57373046875 0.05078125 0.0400390625
0 0.7822265625 0.50048828125 0.056640625 0.0400390625
0 0.876953125 0.48974609375 0.0537109375 0.04296875
0 0.53369140625 0.16259765625 0.0283203125 0.109375
0 0.38037109375 0.66259765625 0.0419921875 0.109375
0 0.1982421875 0.7998046875 0.029296875 0.095703125
0 0.1591796875 0.7939453125 0.037109375 0.111328125
0 0.11865234375 0.79638671875 0.0302734375 0.103515625
0 0.083984375 0.79296875 0.029296875 0.1181640625
0 0.0400390625 0.7900390625 0.03515625 0.123046875
0 0.005859375 0.7958984375 0.01171875 0.107421875
0 0.02490234375 0.564453125 0.0498046875 0.044921875
0 0.0185546875 0.501953125 0.037109375 0.0400390625
0 0.10107421875 0.47412109375 0.056640625 0.04296875
0 0.0966796875 0.564453125 0.064453125 0.044921875
0 0.177734375 0.5654296875 0.064453125 0.044921875
0 0.232421875 0.41162109375 0.0537109375 0.048828125
0 0.12353515625 0.20556640625 0.033203125 0.107421875
0 0.24267578125 0.5712890625 0.0634765625 0.05078125
1 0.0556640625 0.29931640625 0.015625 0.0234375
1 0.31787109375 0.9716796875 0.015625 0.037109375
1 0.3251953125 0.81591796875 0.013671875 0.021484375