0 0.703125 0.6162109375 0.056640625 0.046875
0 0.69189453125 0.53515625 0.048828125 0.0517578125
0 0.8701171875 0.56201171875 0.0458984375 0.052734375
0 0.0107421875 0.69970703125 0.021484375 0.1337890625
0 0.02978515625 0.7119140625 0.052734375 0.1201171875
0 0.0673828125 0.7177734375 0.0556640625 0.1123046875
0 0.107421875 0.720703125 0.0556640625 0.107421875
0 0.14404296875 0.7392578125 0.048828125 0.099609375
0 0.0244140625 0.47216796875 0.048828125 0.0576171875
0 0.0908203125 0.486328125 0.0712890625 0.0556640625
0 0.16845703125 0.50439453125 0.072265625 0.0517578125
0 0.23095703125 0.51953125 0.0673828125 0.0546875
0 0.2490234375 0.361328125 0.0654296875 0.05859375
0 0.18408203125 0.13818359375 0.0517578125 0.1083984375