0 0.2783203125 0.5751953125 0.05078125 0.03759765625
0 0.3046875 0.498046875 0.04150390625 0.04443359375
0 0.125 0.490234375 0.0380859375 0.0458984375
0 0.99462890625 0.7958984375 0.0107421875 0.1083984375
0 0.9599609375 0.79296875 0.0341796875 0.12939453125
0 0.9208984375 0.7978515625 0.03125 0.11669921875
0 0.88330078125 0.79638671875 0.0361328125 0.10693359375
0 0.84326171875 0.79150390625 0.03662109375 0.1025390625
0 0.8037109375 0.802734375 0.03125 0.095703125
0 0.9755859375 0.56396484375 0.04833984375 0.048828125
0 0.904296875 0.564453125 0.06396484375 0.04443359375
0 0.82470703125 0.5673828125 0.0654296875 0.0400390625
0 0.76025390625 0.5703125 0.0595703125 0.04443359375
0 0.77294921875 0.41162109375 0.05712890625 0.048828125
0 0.87939453125 0.205078125 0.03271484375 0.10400390625