0 0.7333984375 0.48486328125 0.05859375 0.0498046875
0 0.68798828125 0.55224609375 0.0517578125 0.0537109375
0 0.85986328125 0.6064453125 0.048828125 0.0537109375
0 0.0986328125 0.0859375 0.0380859375 0.107421875
0 0.13134765625 0.09814453125 0.06640625 0.1337890625
0 0.17041015625 0.103515625 0.060546875 0.12109375
0 0.20654296875 0.11474609375 0.0625 0.1123046875
0 0.24365234375 0.12939453125 0.0615234375 0.1083984375
0 0.28515625 0.12890625 0.0546875 0.1005859375
0 0.05712890625 0.31494140625 0.0595703125 0.0595703125
0 0.1259765625 0.3330078125 0.0732421875 0.0595703125
0 0.20361328125 0.35107421875 0.0732421875 0.0556640625
0 0.2666015625 0.36474609375 0.0693359375 0.05859375
0 0.21337890625 0.5146484375 0.0673828125 0.0615234375
0 0.05712890625 0.6865234375 0.05859375 0.109375