0 0.72119140625 0.423828125 0.052734375 0.041015625
0 0.78369140625 0.4951171875 0.056640625 0.041015625
0 0.88330078125 0.5029296875 0.048828125 0.0498046875
0 0.13037109375 0.80224609375 0.0341796875 0.107421875
0 0.017578125 0.50634765625 0.03515625 0.0478515625
0 0.1015625 0.53271484375 0.0625 0.0439453125
0 0.23291015625 0.59375 0.05859375 0.0458984375
0 0.33056640625 0.45068359375 0.0615234375 0.1025390625
0 0.2421875 0.43505859375 0.0634765625 0.0556640625
0 0.1748046875 0.43994140625 0.06640625 0.048828125
0 0.09716796875 0.4423828125 0.068359375 0.046875
0 0.02587890625 0.443359375 0.0517578125 0.044921875
0 0.00390625 0.2119140625 0.0078125 0.107421875
0 0.03515625 0.216796875 0.0361328125 0.12109375
0 0.07763671875 0.2099609375 0.0361328125 0.12109375
0 0.11328125 0.2041015625 0.0380859375 0.1123046875
0 0.15380859375 0.21435546875 0.0390625 0.1005859375
0 0.19189453125 0.2041015625 0.033203125 0.0927734375
1 0.04150390625 0.7041015625 0.01953125 0.0234375