0 0.28125 0.583984375 0.0537109375 0.04296875
0 0.216796875 0.5146484375 0.05859375 0.04296875
0 0.11669921875 0.51025390625 0.05078125 0.05078125
0 0.85888671875 0.18505859375 0.0380859375 0.1083984375
0 0.9814453125 0.4765625 0.037109375 0.048828125
0 0.89697265625 0.453125 0.0634765625 0.0458984375
0 0.763671875 0.39697265625 0.0595703125 0.0478515625
0 0.6708984375 0.54345703125 0.0654296875 0.1044921875
0 0.76025390625 0.5556640625 0.0654296875 0.0576171875
0 0.8271484375 0.548828125 0.0673828125 0.05078125
0 0.90478515625 0.54345703125 0.0693359375 0.0498046875
0 0.974609375 0.5390625 0.05078125 0.046875
0 0.974609375 0.76708984375 0.0400390625 0.1220703125
0 0.9326171875 0.77490234375 0.0400390625 0.1220703125
0 0.896484375 0.7822265625 0.0419921875 0.11328125
0 0.85595703125 0.7734375 0.04296875 0.1015625
0 0.81787109375 0.78515625 0.0361328125 0.09375
1 0.951171875 0.27978515625 0.0205078125 0.0244140625