0 0.27734375 0.572265625 0.0517578125 0.0400390625
0 0.21630859375 0.5 0.05615234375 0.0400390625
0 0.11669921875 0.490234375 0.0478515625 0.048828125
0 0.875 0.2041015625 0.03271484375 0.10693359375
0 0.982421875 0.501953125 0.03515625 0.04736328125
0 0.89892578125 0.47412109375 0.0615234375 0.04296875
0 0.7685546875 0.4111328125 0.0576171875 0.04443359375
0 0.66845703125 0.55224609375 0.06005859375 0.1015625
0 0.7568359375 0.5693359375 0.0625 0.05419921875
0 0.82421875 0.56591796875 0.0654296875 0.04736328125
0 0.90185546875 0.564453125 0.0673828125 0.0458984375
0 0.9736328125 0.564453125 0.05224609375 0.04443359375
0 0.994140625 0.79638671875 0.01171875 0.10693359375
0 0.9599609375 0.79150390625 0.03369140625 0.12060546875
0 0.91748046875 0.79736328125 0.0341796875 0.12060546875
0 0.88134765625 0.802734375 0.0361328125 0.111328125
0 0.84130859375 0.79150390625 0.03759765625 0.10009765625
0 0.802734375 0.80126953125 0.03125 0.091796875
1 0.9619140625 0.3037109375 0.01953125 0.0234375