0 0.724609375 0.57177734375 0.052734375 0.0439453125
0 0.7841796875 0.49365234375 0.0537109375 0.0380859375
0 0.87744140625 0.4833984375 0.056640625 0.041015625
0 0.11767578125 0.20947265625 0.033203125 0.1103515625
0 0.2294921875 0.416015625 0.0576171875 0.046875
0 0.275390625 0.50439453125 0.0654296875 0.0732421875
0 0.10009765625 0.48193359375 0.05859375 0.0458984375
0 0.0185546875 0.5087890625 0.037109375 0.0439453125
0 0.02734375 0.57080078125 0.052734375 0.044921875
0 0.10009765625 0.5712890625 0.0654296875 0.052734375
0 0.1767578125 0.57177734375 0.064453125 0.04296875
0 0.24462890625 0.57373046875 0.064453125 0.048828125
0 0.01171875 0.8046875 0.0146484375 0.1123046875
0 0.04638671875 0.79736328125 0.037109375 0.1240234375
0 0.087890625 0.80224609375 0.0400390625 0.1201171875
0 0.1240234375 0.80908203125 0.037109375 0.1123046875
0 0.16455078125 0.79736328125 0.0380859375 0.107421875
0 0.2021484375 0.80517578125 0.033203125 0.0947265625
1 0.0185546875 0.310546875 0.021484375 0.0234375