0 0.7333984375 0.53173828125 0.0595703125 0.0517578125
0 0.77880859375 0.4443359375 0.0595703125 0.046875
0 0.86865234375 0.41796875 0.0625 0.0498046875
0 0.0732421875 0.27978515625 0.0517578125 0.1142578125
0 0.21875 0.4638671875 0.064453125 0.0556640625
0 0.27978515625 0.54345703125 0.076171875 0.0830078125
0 0.10302734375 0.5517578125 0.0654296875 0.0546875
0 0.02734375 0.59228515625 0.0439453125 0.048828125
0 0.046875 0.65185546875 0.0595703125 0.0537109375
0 0.11865234375 0.6396484375 0.0732421875 0.0625
0 0.1943359375 0.62646484375 0.0703125 0.052734375
0 0.26123046875 0.6171875 0.0712890625 0.05859375
0 0.07177734375 0.884765625 0.0341796875 0.1123046875
0 0.10498046875 0.87158203125 0.0576171875 0.1279296875
0 0.146484375 0.869140625 0.060546875 0.125
0 0.18310546875 0.86962890625 0.0556640625 0.1162109375
0 0.22119140625 0.85107421875 0.056640625 0.1123046875
0 0.259765625 0.85205078125 0.048828125 0.0986328125
1 0.0029296875 0.396484375 0.005859375 0.02734375