0 0.27685546875 0.57568359375 0.05224609375 0.04296875
0 0.2158203125 0.49853515625 0.05322265625 0.03759765625
0 0.12255859375 0.48974609375 0.05615234375 0.0400390625
0 0.876953125 0.20263671875 0.03125 0.10986328125
0 0.76904296875 0.4111328125 0.05712890625 0.0458984375
0 0.724609375 0.50048828125 0.06396484375 0.072265625
0 0.8994140625 0.47509765625 0.0576171875 0.04443359375
0 0.9814453125 0.50048828125 0.03662109375 0.04296875
0 0.9736328125 0.5625 0.05224609375 0.04443359375
0 0.90087890625 0.564453125 0.06494140625 0.05126953125
0 0.82421875 0.56591796875 0.0634765625 0.04150390625
0 0.7568359375 0.5693359375 0.0634765625 0.04736328125
0 0.99365234375 0.7958984375 0.0126953125 0.1123046875
0 0.95849609375 0.78955078125 0.03515625 0.12353515625
0 0.91748046875 0.794921875 0.0380859375 0.11962890625
0 0.88134765625 0.80224609375 0.03515625 0.111328125
0 0.8408203125 0.79150390625 0.03662109375 0.10693359375
0 0.80322265625 0.7998046875 0.03125 0.09423828125
1 0.97802734375 0.30224609375 0.02099609375 0.0234375