0 0.27685546875 0.57080078125 0.04931640625 0.04296875
0 0.21875 0.5 0.0537109375 0.04296875
0 0.12353515625 0.48974609375 0.05322265625 0.0400390625
0 0.87548828125 0.20556640625 0.0341796875 0.1083984375
0 0.9873046875 0.50146484375 0.02490234375 0.048828125
0 0.900390625 0.47412109375 0.0595703125 0.04443359375
0 0.77001953125 0.40966796875 0.0595703125 0.0458984375
0 0.7919921875 0.4873046875 0.06640625 0.05126953125
0 0.97509765625 0.5654296875 0.0498046875 0.048828125
0 0.822265625 0.564453125 0.0634765625 0.04296875
0 0.9033203125 0.56396484375 0.0634765625 0.0498046875
0 0.7568359375 0.56689453125 0.0615234375 0.04296875
0 0.9931640625 0.7939453125 0.01318359375 0.1123046875
0 0.9599609375 0.7880859375 0.03662109375 0.11962890625
0 0.9189453125 0.794921875 0.0341796875 0.1181640625
0 0.88134765625 0.79736328125 0.03369140625 0.10693359375
0 0.8427734375 0.7939453125 0.0322265625 0.09716796875
0 0.8017578125 0.7998046875 0.0302734375 0.09423828125