0 0.29248046875 0.3916015625 0.0556640625 0.05078125
0 0.22314453125 0.451171875 0.060546875 0.0517578125
0 0.12744140625 0.44482421875 0.0595703125 0.048828125
0 0.81884765625 0.85498046875 0.052734375 0.1123046875
0 0.97998046875 0.5830078125 0.033203125 0.052734375
0 0.8896484375 0.59521484375 0.06640625 0.0537109375
0 0.75 0.6357421875 0.06640625 0.0556640625
0 0.78515625 0.56298828125 0.07421875 0.0625
0 0.97509765625 0.517578125 0.0498046875 0.056640625
0 0.82861328125 0.49267578125 0.0703125 0.0537109375
0 0.908203125 0.5068359375 0.0712890625 0.060546875
0 0.7646484375 0.478515625 0.068359375 0.052734375
0 0.9873046875 0.29638671875 0.025390625 0.1240234375
0 0.9638671875 0.2822265625 0.0537109375 0.1220703125
0 0.92724609375 0.2734375 0.0517578125 0.111328125
0 0.888671875 0.27001953125 0.048828125 0.1015625
0 0.84912109375 0.25732421875 0.0458984375 0.09765625