0 0.271484375 0.44873046875 0.052734375 0.046875
0 0.2197265625 0.5244140625 0.0576171875 0.0478515625
0 0.1259765625 0.54296875 0.056640625 0.044921875
0 0.89990234375 0.7607421875 0.0439453125 0.111328125
0 0.9853515625 0.4560546875 0.029296875 0.05078125
0 0.90087890625 0.49072265625 0.0634765625 0.0498046875
0 0.77685546875 0.56640625 0.0634765625 0.05078125
0 0.7919921875 0.4873046875 0.0703125 0.056640625
0 0.9677734375 0.3935546875 0.0537109375 0.052734375
0 0.8154296875 0.40771484375 0.0673828125 0.0478515625
0 0.89599609375 0.4013671875 0.0673828125 0.0546875
0 0.75 0.4111328125 0.0654296875 0.0478515625
0 0.9658203125 0.1640625 0.0224609375 0.11328125
0 0.93310546875 0.1728515625 0.046875 0.1220703125
0 0.8916015625 0.169921875 0.0439453125 0.12109375
0 0.85400390625 0.17041015625 0.04296875 0.109375
0 0.81591796875 0.17724609375 0.041015625 0.099609375
0 0.7744140625 0.1748046875 0.0380859375 0.0966796875