0 0.298828125 0.61865234375 0.0576171875 0.0537109375
0 0.2275390625 0.55615234375 0.0595703125 0.052734375
0 0.12841796875 0.56591796875 0.0576171875 0.052734375
0 0.80859375 0.13330078125 0.0546875 0.11328125
0 0.74560546875 0.35888671875 0.06640625 0.0595703125
0 0.900390625 0.3876953125 0.068359375 0.0556640625
0 0.79345703125 0.42724609375 0.0751953125 0.0625
0 0.97314453125 0.46435546875 0.0537109375 0.0556640625
0 0.90771484375 0.48046875 0.07421875 0.0595703125
0 0.82958984375 0.49755859375 0.0732421875 0.056640625
0 0.767578125 0.5126953125 0.0712890625 0.060546875
0 0.98974609375 0.68701171875 0.0205078125 0.1279296875
0 0.97119140625 0.70361328125 0.0576171875 0.1220703125
0 0.9345703125 0.712890625 0.0537109375 0.1123046875
0 0.8935546875 0.7119140625 0.0546875 0.10546875
0 0.85986328125 0.732421875 0.048828125 0.09765625