0 0.30517578125 0.62890625 0.0595703125 0.0556640625
0 0.23046875 0.5703125 0.0615234375 0.0546875
0 0.1328125 0.58544921875 0.0595703125 0.0546875
0 0.7890625 0.11767578125 0.0595703125 0.11328125
0 0.73779296875 0.34619140625 0.068359375 0.0625
0 0.89404296875 0.3671875 0.0693359375 0.05859375
0 0.7890625 0.412109375 0.0771484375 0.0654296875
0 0.97119140625 0.43896484375 0.0576171875 0.0576171875
0 0.90625 0.458984375 0.0751953125 0.0625
0 0.82861328125 0.47998046875 0.07421875 0.0595703125
0 0.76806640625 0.49853515625 0.0732421875 0.0634765625
0 0.99267578125 0.66015625 0.0146484375 0.12890625
0 0.974609375 0.67822265625 0.05078125 0.1220703125
0 0.9453125 0.68994140625 0.0595703125 0.11328125
0 0.90380859375 0.69091796875 0.05859375 0.10546875
0 0.87158203125 0.71337890625 0.0537109375 0.09765625