0 0.2783203125 0.57421875 0.04931640625 0.04443359375
0 0.2216796875 0.498046875 0.05224609375 0.04296875
0 0.123046875 0.4873046875 0.0498046875 0.04296875
0 0.8779296875 0.20556640625 0.03271484375 0.1083984375
0 0.76953125 0.4130859375 0.0576171875 0.048828125
0 0.9150390625 0.4736328125 0.06005859375 0.04443359375
0 0.80224609375 0.48974609375 0.06640625 0.0498046875
0 0.9736328125 0.564453125 0.05224609375 0.0458984375
0 0.90283203125 0.5654296875 0.0654296875 0.04736328125
0 0.82275390625 0.56591796875 0.0654296875 0.04443359375
0 0.75927734375 0.56787109375 0.0625 0.048828125
0 0.99267578125 0.79443359375 0.0146484375 0.1123046875
0 0.9599609375 0.78955078125 0.0361328125 0.12353515625
0 0.91943359375 0.79736328125 0.0361328125 0.11669921875
0 0.880859375 0.798828125 0.0322265625 0.1083984375
0 0.8408203125 0.7890625 0.0341796875 0.10009765625
0 0.8037109375 0.80224609375 0.0302734375 0.09326171875