0 0.1376953125 0.59375 0.060546875 0.0546875
0 0.23046875 0.56787109375 0.064453125 0.0517578125
0 0.26708984375 0.4765625 0.0556640625 0.0478515625
0 0.93408203125 0.7021484375 0.052734375 0.1123046875
0 0.78466796875 0.5234375 0.068359375 0.0556640625
0 0.9375 0.42919921875 0.068359375 0.056640625
0 0.81005859375 0.43994140625 0.0732421875 0.0615234375
0 0.9482421875 0.33251953125 0.060546875 0.0576171875
0 0.8779296875 0.34423828125 0.0751953125 0.0625
0 0.80078125 0.36181640625 0.06640625 0.0517578125
0 0.73583984375 0.37353515625 0.0673828125 0.0537109375
0 0.9150390625 0.1015625 0.03515625 0.1064453125
0 0.8828125 0.11376953125 0.060546875 0.126953125
0 0.841796875 0.1181640625 0.05859375 0.12109375
0 0.80419921875 0.1220703125 0.060546875 0.115234375
0 0.7685546875 0.13916015625 0.0556640625 0.1064453125
0 0.72998046875 0.13818359375 0.0498046875 0.099609375