0 0.86669921875 0.42529296875 0.060546875 0.0546875
0 0.77197265625 0.44287109375 0.064453125 0.0517578125
0 0.69921875 0.376953125 0.0556640625 0.0478515625
0 0.1982421875 0.87158203125 0.052734375 0.1123046875
0 0.25439453125 0.64599609375 0.068359375 0.0556640625
0 0.07568359375 0.6279296875 0.068359375 0.056640625
0 0.1953125 0.58203125 0.0732421875 0.0615234375
0 0.02685546875 0.54541015625 0.0537109375 0.0576171875
0 0.091796875 0.525390625 0.0751953125 0.0625
0 0.1689453125 0.5078125 0.06640625 0.0517578125
0 0.232421875 0.48974609375 0.0673828125 0.0537109375
0 0.00830078125 0.3203125 0.0166015625 0.126953125
0 0.02734375 0.306640625 0.0546875 0.12109375
0 0.06103515625 0.29345703125 0.060546875 0.115234375
0 0.1005859375 0.29345703125 0.0556640625 0.1064453125
0 0.13427734375 0.27587890625 0.0498046875 0.099609375