0 0.1259765625 0.490234375 0.0517578125 0.04443359375
0 0.22216796875 0.49462890625 0.05712890625 0.0400390625
0 0.2783203125 0.5751953125 0.04833984375 0.03759765625
0 0.87744140625 0.20556640625 0.02880859375 0.1083984375
0 0.77197265625 0.4130859375 0.06005859375 0.04296875
0 0.9423828125 0.470703125 0.0595703125 0.04443359375
0 0.8154296875 0.48876953125 0.06396484375 0.048828125
0 0.974609375 0.5625 0.05078125 0.04736328125
0 0.9033203125 0.56689453125 0.0654296875 0.048828125
0 0.82421875 0.56689453125 0.05859375 0.0400390625
0 0.75830078125 0.5703125 0.0595703125 0.04150390625
0 0.994140625 0.794921875 0.01171875 0.10693359375
0 0.9599609375 0.7900390625 0.0341796875 0.1220703125
0 0.9189453125 0.794921875 0.03369140625 0.11669921875
0 0.88134765625 0.7998046875 0.03662109375 0.10986328125
0 0.8427734375 0.791015625 0.03369140625 0.1015625
0 0.8056640625 0.80078125 0.02880859375 0.095703125