0 0.279296875 0.5751953125 0.0517578125 0.0400390625
0 0.2236328125 0.50048828125 0.0517578125 0.0361328125
0 0.12451171875 0.4912109375 0.0537109375 0.04296875
0 0.87646484375 0.2060546875 0.0302734375 0.111328125
0 0.97216796875 0.4736328125 0.0556640625 0.04296875
0 0.7685546875 0.4130859375 0.0576171875 0.04736328125
0 0.841796875 0.4873046875 0.06494140625 0.0498046875
0 0.97509765625 0.56396484375 0.0498046875 0.048828125
0 0.904296875 0.5654296875 0.06396484375 0.05126953125
0 0.82373046875 0.56591796875 0.06494140625 0.0400390625
0 0.7587890625 0.5693359375 0.06103515625 0.0458984375
0 0.9931640625 0.79443359375 0.01318359375 0.10986328125
0 0.958984375 0.7900390625 0.03369140625 0.125
0 0.9169921875 0.7939453125 0.03125 0.1181640625
0 0.88330078125 0.7978515625 0.0322265625 0.111328125
0 0.841796875 0.78759765625 0.03369140625 0.095703125
0 0.8046875 0.80224609375 0.0283203125 0.0888671875