0 0.26806640625 0.5234375 0.0595703125 0.05078125
0 0.23046875 0.4384765625 0.05859375 0.046875
0 0.13623046875 0.40673828125 0.0615234375 0.0537109375
0 0.93310546875 0.29833984375 0.0546875 0.115234375
0 0.9658203125 0.58056640625 0.0634765625 0.0546875
0 0.78125 0.4755859375 0.06640625 0.0595703125
0 0.8359375 0.564453125 0.07421875 0.0634765625
0 0.94873046875 0.66943359375 0.0595703125 0.05859375
0 0.87939453125 0.65478515625 0.07421875 0.064453125
0 0.80078125 0.63720703125 0.072265625 0.0537109375
0 0.736328125 0.6259765625 0.0693359375 0.05859375
0 0.9140625 0.89794921875 0.037109375 0.1103515625
0 0.8818359375 0.8857421875 0.060546875 0.12890625
0 0.84033203125 0.88037109375 0.056640625 0.1220703125
0 0.806640625 0.87646484375 0.056640625 0.1162109375
0 0.7685546875 0.85693359375 0.0546875 0.1005859375
0 0.72900390625 0.86328125 0.0478515625 0.0927734375