0 0.72998046875 0.53955078125 0.0576171875 0.0478515625
0 0.77294921875 0.45703125 0.056640625 0.0439453125
0 0.86962890625 0.4326171875 0.0595703125 0.05078125
0 0.08203125 0.2685546875 0.046875 0.1142578125
0 0.02978515625 0.5478515625 0.0595703125 0.05078125
0 0.22119140625 0.4560546875 0.064453125 0.0556640625
0 0.16064453125 0.541015625 0.072265625 0.0595703125
0 0.04052734375 0.6376953125 0.056640625 0.0556640625
0 0.11083984375 0.6279296875 0.0712890625 0.060546875
0 0.1904296875 0.61572265625 0.0703125 0.0498046875
0 0.25537109375 0.60888671875 0.0673828125 0.0546875
0 0.05908203125 0.8681640625 0.0302734375 0.1103515625
0 0.091796875 0.8583984375 0.052734375 0.12890625
0 0.13427734375 0.85546875 0.0498046875 0.1220703125
0 0.16796875 0.85400390625 0.048828125 0.115234375
0 0.20751953125 0.83740234375 0.0478515625 0.099609375
0 0.24658203125 0.84619140625 0.0419921875 0.091796875