0 0.87353515625 0.5224609375 0.0625 0.0546875
0 0.77880859375 0.5224609375 0.0634765625 0.05078125
0 0.7138671875 0.591796875 0.0537109375 0.0517578125
0 0.1494140625 0.171875 0.0419921875 0.11328125
0 0.23681640625 0.3876953125 0.064453125 0.05078125
0 0.08935546875 0.4521484375 0.0693359375 0.0595703125
0 0.02197265625 0.52197265625 0.0439453125 0.0478515625
0 0.08984375 0.52978515625 0.0673828125 0.0537109375
0 0.1689453125 0.53662109375 0.0654296875 0.046875
0 0.2353515625 0.54638671875 0.064453125 0.052734375
0 0.02001953125 0.74755859375 0.0400390625 0.1259765625
0 0.056640625 0.75732421875 0.046875 0.1181640625
0 0.09228515625 0.76611328125 0.0400390625 0.1142578125
0 0.134765625 0.75927734375 0.044921875 0.10546875
0 0.17236328125 0.771484375 0.037109375 0.09765625