0 0.130859375 0.56201171875 0.0654296875 0.0576171875
0 0.22314453125 0.541015625 0.0654296875 0.0537109375
0 0.27099609375 0.45849609375 0.0556640625 0.0537109375
0 0.91552734375 0.74072265625 0.0478515625 0.115234375
0 0.78173828125 0.55029296875 0.06640625 0.0537109375
0 0.91064453125 0.4541015625 0.072265625 0.0625
0 0.96337890625 0.3701171875 0.0517578125 0.05078125
0 0.892578125 0.37890625 0.0693359375 0.0576171875
0 0.814453125 0.3896484375 0.0673828125 0.0498046875
0 0.74755859375 0.39501953125 0.0673828125 0.0556640625
0 0.9482421875 0.13818359375 0.02734375 0.11328125
0 0.9150390625 0.14990234375 0.052734375 0.126953125
0 0.87451171875 0.1494140625 0.052734375 0.119140625
0 0.83740234375 0.14892578125 0.0458984375 0.115234375
0 0.7978515625 0.1650390625 0.0498046875 0.1064453125
0 0.75830078125 0.162109375 0.0419921875 0.0986328125