0 0.1259765625 0.48974609375 0.05859375 0.0498046875
0 0.22021484375 0.498046875 0.0595703125 0.0458984375
0 0.27880859375 0.57275390625 0.0498046875 0.04736328125
0 0.8779296875 0.20361328125 0.03271484375 0.111328125
0 0.77197265625 0.4111328125 0.06103515625 0.0458984375
0 0.9130859375 0.48828125 0.06494140625 0.05419921875
0 0.97705078125 0.56396484375 0.0458984375 0.04443359375
0 0.90576171875 0.5654296875 0.0634765625 0.048828125
0 0.82666015625 0.5654296875 0.0625 0.04150390625
0 0.759765625 0.5693359375 0.06103515625 0.04736328125
0 0.994140625 0.7958984375 0.01171875 0.1123046875
0 0.9599609375 0.7890625 0.0361328125 0.12353515625
0 0.91943359375 0.794921875 0.03662109375 0.115234375
0 0.8828125 0.80078125 0.0302734375 0.1123046875
0 0.84130859375 0.7900390625 0.0361328125 0.1025390625
0 0.802734375 0.798828125 0.02880859375 0.095703125