0 0.27978515625 0.57421875 0.05322265625 0.04443359375
0 0.34716796875 0.49658203125 0.05859375 0.04736328125
0 0.76904296875 0.4130859375 0.06103515625 0.04736328125
0 0.8798828125 0.205078125 0.03271484375 0.10546875
0 0.97607421875 0.564453125 0.0478515625 0.052734375
0 0.90380859375 0.564453125 0.0693359375 0.04736328125
0 0.8251953125 0.56591796875 0.06396484375 0.0400390625
0 0.76123046875 0.5693359375 0.06494140625 0.04736328125
0 0.994140625 0.7958984375 0.01171875 0.10693359375
0 0.9609375 0.79296875 0.03662109375 0.125
0 0.9189453125 0.7978515625 0.03271484375 0.11669921875
0 0.8837890625 0.802734375 0.03271484375 0.1123046875
0 0.8447265625 0.798828125 0.03369140625 0.10986328125
0 0.80517578125 0.80078125 0.0283203125 0.10009765625
1 0.67236328125 0.81298828125 0.01318359375 0.029296875