0 0.72509765625 0.55859375 0.056640625 0.0478515625
0 0.65234375 0.48583984375 0.0615234375 0.0517578125
0 0.2255859375 0.43212890625 0.064453125 0.0517578125
0 0.1005859375 0.232421875 0.0400390625 0.107421875
0 0.02978515625 0.59765625 0.0517578125 0.0556640625
0 0.1015625 0.59228515625 0.072265625 0.0517578125
0 0.18017578125 0.58837890625 0.06640625 0.0439453125
0 0.244140625 0.58740234375 0.068359375 0.0517578125
0 0.02783203125 0.82958984375 0.01953125 0.107421875
0 0.060546875 0.82421875 0.044921875 0.126953125
0 0.10302734375 0.826171875 0.041015625 0.119140625
0 0.13818359375 0.82861328125 0.0400390625 0.1142578125
0 0.1767578125 0.822265625 0.041015625 0.1123046875
0 0.21630859375 0.8212890625 0.03515625 0.1015625
1 0.35009765625 0.82421875 0.015625 0.0302734375