0 0.2978515625 0.38525390625 0.060546875 0.0537109375
0 0.34912109375 0.47412109375 0.06640625 0.0576171875
0 0.74755859375 0.63671875 0.0693359375 0.05859375
0 0.81640625 0.86181640625 0.0517578125 0.109375
0 0.9755859375 0.52734375 0.048828125 0.060546875
0 0.90869140625 0.513671875 0.0771484375 0.0595703125
0 0.83203125 0.49755859375 0.0703125 0.0517578125
0 0.76953125 0.48193359375 0.0732421875 0.05859375
0 0.9892578125 0.30029296875 0.021484375 0.1298828125
0 0.96826171875 0.28759765625 0.0546875 0.12109375
0 0.9345703125 0.27587890625 0.0537109375 0.1162109375
0 0.8955078125 0.2724609375 0.0537109375 0.1142578125
0 0.85693359375 0.26318359375 0.046875 0.103515625
1 0.72900390625 0.2255859375 0.0185546875 0.03125