0 0.21728515625 0.52978515625 0.0712890625 0.0556640625
0 0.29052734375 0.6025390625 0.0595703125 0.05859375
0 0.39990234375 0.50927734375 0.072265625 0.0654296875
0 0.8349609375 0.1552734375 0.0439453125 0.107421875
0 0.7578125 0.37548828125 0.0673828125 0.0556640625
0 0.9765625 0.4990234375 0.046875 0.0546875
0 0.91064453125 0.509765625 0.0703125 0.0546875
0 0.83349609375 0.52099609375 0.0673828125 0.05078125
0 0.76708984375 0.53466796875 0.0703125 0.0556640625
0 0.98583984375 0.72607421875 0.0283203125 0.1240234375
0 0.95849609375 0.736328125 0.0478515625 0.126953125
0 0.92431640625 0.744140625 0.0478515625 0.1123046875
0 0.8837890625 0.748046875 0.0478515625 0.1162109375
0 0.8447265625 0.7607421875 0.0390625 0.0986328125