0 0.2158203125 0.490234375 0.06494140625 0.04736328125
0 0.2783203125 0.572265625 0.05322265625 0.05126953125
0 0.3994140625 0.4951171875 0.06494140625 0.05712890625
0 0.8798828125 0.205078125 0.02978515625 0.10400390625
0 0.7724609375 0.41259765625 0.06103515625 0.04736328125
0 0.97607421875 0.56591796875 0.0478515625 0.048828125
0 0.9052734375 0.56689453125 0.06494140625 0.0458984375
0 0.8271484375 0.5673828125 0.0615234375 0.04296875
0 0.759765625 0.5712890625 0.06396484375 0.04736328125
0 0.99462890625 0.7978515625 0.0107421875 0.1123046875
0 0.9619140625 0.7939453125 0.0361328125 0.12060546875
0 0.9208984375 0.7978515625 0.03125 0.12353515625
0 0.88623046875 0.80078125 0.03271484375 0.1083984375
0 0.845703125 0.79931640625 0.03271484375 0.1123046875
0 0.80517578125 0.80615234375 0.0263671875 0.095703125