0 0.7841796875 0.4951171875 0.0654296875 0.048828125
0 0.72021484375 0.576171875 0.0537109375 0.0517578125
0 0.6005859375 0.4970703125 0.06640625 0.05859375
0 0.12548828125 0.19873046875 0.03125 0.1044921875
0 0.22900390625 0.40771484375 0.0615234375 0.048828125
0 0.0234375 0.55712890625 0.046875 0.0498046875
0 0.09375 0.5595703125 0.0654296875 0.046875
0 0.171875 0.5615234375 0.0625 0.0439453125
0 0.2392578125 0.56689453125 0.064453125 0.048828125
0 0.00341796875 0.78857421875 0.0068359375 0.1123046875
0 0.033203125 0.78564453125 0.0380859375 0.12109375
0 0.07373046875 0.79052734375 0.033203125 0.1240234375
0 0.1083984375 0.7939453125 0.0341796875 0.109375
0 0.14892578125 0.79345703125 0.03515625 0.11328125
0 0.189453125 0.80078125 0.0283203125 0.095703125