0 0.72119140625 0.4296875 0.052734375 0.0439453125
0 0.6640625 0.5419921875 0.0703125 0.0634765625
0 0.46630859375 0.505859375 0.0703125 0.046875
0 0.115234375 0.7890625 0.03515625 0.107421875
0 0.22607421875 0.583984375 0.056640625 0.0439453125
0 0.2392578125 0.42626953125 0.064453125 0.0556640625
0 0.17236328125 0.42822265625 0.06640625 0.046875
0 0.0947265625 0.42333984375 0.068359375 0.0556640625
0 0.02392578125 0.42724609375 0.046875 0.0517578125
0 0.19873046875 0.1923828125 0.033203125 0.0947265625
0 0.16162109375 0.201171875 0.0341796875 0.1123046875
0 0.12109375 0.1953125 0.0341796875 0.1044921875
0 0.08447265625 0.19873046875 0.0322265625 0.1103515625
0 0.04248046875 0.20263671875 0.0361328125 0.12109375
0 0.39453125 0.03271484375 0.02734375 0.0654296875
1 0.35791015625 0.1796875 0.0107421875 0.0234375