0 0.2802734375 0.57421875 0.05224609375 0.04296875
0 0.33544921875 0.4609375 0.06884765625 0.0625
0 0.53369140625 0.49365234375 0.0693359375 0.0458984375
0 0.8798828125 0.2041015625 0.03369140625 0.10693359375
0 0.7724609375 0.4111328125 0.05615234375 0.04296875
0 0.76220703125 0.5693359375 0.0634765625 0.05419921875
0 0.82861328125 0.56591796875 0.0654296875 0.0458984375
0 0.90673828125 0.5693359375 0.06787109375 0.05419921875
0 0.97705078125 0.564453125 0.0458984375 0.05126953125
0 0.806640625 0.80224609375 0.03125 0.09423828125
0 0.84375 0.79296875 0.0322265625 0.111328125
0 0.88427734375 0.7978515625 0.03271484375 0.10400390625
0 0.9208984375 0.7939453125 0.0302734375 0.10986328125
0 0.96240234375 0.78955078125 0.03369140625 0.12060546875
0 0.61376953125 0.96630859375 0.0263671875 0.0673828125
1 0.6474609375 0.81787109375 0.0107421875 0.0234375