0 0.72119140625 0.5703125 0.052734375 0.0439453125
0 0.6640625 0.4580078125 0.0703125 0.0634765625
0 0.46630859375 0.494140625 0.0703125 0.046875
0 0.115234375 0.2109375 0.03515625 0.107421875
0 0.22607421875 0.416015625 0.056640625 0.0439453125
0 0.2392578125 0.57373046875 0.064453125 0.0556640625
0 0.17236328125 0.57177734375 0.06640625 0.046875
0 0.0947265625 0.57666015625 0.068359375 0.0556640625
0 0.02392578125 0.57275390625 0.046875 0.0517578125
0 0.19873046875 0.8076171875 0.033203125 0.0947265625
0 0.16162109375 0.798828125 0.0341796875 0.1123046875
0 0.12109375 0.8046875 0.0341796875 0.1044921875
0 0.08447265625 0.80126953125 0.0322265625 0.1103515625
0 0.04248046875 0.79736328125 0.0361328125 0.12109375
0 0.39453125 0.96728515625 0.02734375 0.0654296875
1 0.35791015625 0.8203125 0.0107421875 0.0234375