0 0.82568359375 0.49560546875 0.04296875 0.033203125
0 0.67333984375 0.388671875 0.0400390625 0.03515625
0 0.48974609375 0.66259765625 0.05859375 0.0537109375
0 0.40380859375 0.6142578125 0.0576171875 0.056640625
0 0.34423828125 0.798828125 0.0390625 0.03515625
0 0.30029296875 0.74951171875 0.0390625 0.03515625
0 0.22900390625 0.544921875 0.037109375 0.0361328125
0 0.12109375 0.50830078125 0.0419921875 0.033203125
0 0.208984375 0.45751953125 0.037109375 0.0283203125
0 0.45068359375 0.27685546875 0.037109375 0.0380859375
0 0.49609375 0.18798828125 0.0380859375 0.0439453125
0 0.53955078125 0.109375 0.03515625 0.0498046875
1 0.93212890625 0.14111328125 0.03125 0.04296875
1 0.90087890625 0.5419921875 0.0302734375 0.0302734375
1 0.86328125 0.5966796875 0.0224609375 0.0263671875
1 0.84814453125 0.61474609375 0.0205078125 0.029296875
1 0.861328125 0.61865234375 0.0146484375 0.021484375
1 0.7314453125 0.64013671875 0.01953125 0.0302734375
1 0.72119140625 0.62255859375 0.01953125 0.0302734375
1 0.8115234375 0.82373046875 0.0185546875 0.0263671875
1 0.8271484375 0.8603515625 0.021484375 0.0341796875
1 0.84814453125 0.90234375 0.0234375 0.0283203125
1 0.84521484375 0.88623046875 0.0205078125 0.029296875
1 0.71337890625 0.83251953125 0.0234375 0.0341796875
1 0.73583984375 0.9189453125 0.0185546875 0.0263671875
1 0.7236328125 0.9033203125 0.0205078125 0.029296875
1 0.68115234375 0.89111328125 0.0205078125 0.03515625
1 0.67529296875 0.90869140625 0.01953125 0.033203125
1 0.658203125 0.93310546875 0.021484375 0.03125
1 0.6240234375 0.822265625 0.0166015625 0.025390625
1 0.619140625 0.76318359375 0.017578125 0.0224609375
1 0.62451171875 0.73974609375 0.021484375 0.0322265625
1 0.24755859375 0.83251953125 0.017578125 0.025390625
1 0.24560546875 0.93603515625 0.0185546875 0.0322265625
1 0.234375 0.9443359375 0.017578125 0.029296875
1 0.22412109375 0.9521484375 0.0185546875 0.025390625
1 0.17822265625 0.955078125 0.0263671875 0.0341796875
1 0.16259765625 0.9609375 0.02734375 0.03515625
1 0.16845703125 0.94140625 0.025390625 0.025390625
1 0.16552734375 0.92626953125 0.025390625 0.0234375
1 0.06787109375 0.75927734375 0.0263671875 0.0283203125
1 0.01708984375 0.5810546875 0.0234375 0.0224609375
1 0.01220703125 0.55859375 0.021484375 0.0205078125
1 0.00830078125 0.505859375 0.0166015625 0.03125
1 0.0107421875 0.50146484375 0.021484375 0.0263671875
1 0.01708984375 0.49169921875 0.0224609375 0.0322265625
1 0.02978515625 0.521484375 0.02734375 0.0263671875
1 0.05712890625 0.47607421875 0.0234375 0.0263671875
1 0.04248046875 0.47265625 0.017578125 0.0205078125
1 0.06884765625 0.462890625 0.0283203125 0.0283203125
1 0.08935546875 0.4482421875 0.0185546875 0.0283203125
1 0.10693359375 0.54052734375 0.01953125 0.021484375
1 0.1103515625 0.44140625 0.0224609375 0.0224609375
1 0.1328125 0.4326171875 0.0263671875 0.0244140625
1 0.224609375 0.423828125 0.021484375 0.021484375
1 0.20263671875 0.43603515625 0.0234375 0.01953125
1 0.20166015625 0.42138671875 0.01953125 0.0244140625
1 0.1953125 0.40869140625 0.017578125 0.021484375
1 0.265625 0.36767578125 0.0166015625 0.0224609375
1 0.33056640625 0.32568359375 0.013671875 0.0185546875
1 0.35888671875 0.294921875 0.0166015625 0.0263671875
1 0.4189453125 0.26123046875 0.0185546875 0.0283203125
1 0.40478515625 0.23046875 0.0146484375 0.0263671875
1 0.39453125 0.212890625 0.015625 0.0244140625
1 0.43017578125 0.234375 0.0185546875 0.025390625
1 0.4482421875 0.14453125 0.0166015625 0.0234375
1 0.49853515625 0.134765625 0.015625 0.021484375
1 0.51025390625 0.09033203125 0.0166015625 0.0263671875
1 0.50146484375 0.0693359375 0.01953125 0.0322265625
1 0.4931640625 0.0205078125 0.01953125 0.0341796875
1 0.70263671875 0.09716796875 0.0224609375 0.029296875
1 0.70654296875 0.08056640625 0.0146484375 0.0244140625
1 0.6875 0.15234375 0.021484375 0.033203125
1 0.67529296875 0.21533203125 0.0244140625 0.03125
1 0.77392578125 0.22998046875 0.025390625 0.0341796875
1 0.86865234375 0.27001953125 0.0244140625 0.033203125
1 0.7041015625 0.42333984375 0.0234375 0.0322265625
1 0.38232421875 0.54833984375 0.015625 0.0185546875