0 0.18310546875 0.42529296875 0.041015625 0.029296875
0 0.30517578125 0.56591796875 0.0380859375 0.03125
0 0.548828125 0.3447265625 0.0546875 0.0498046875
0 0.62109375 0.41259765625 0.0537109375 0.0517578125
0 0.72314453125 0.248046875 0.037109375 0.03125
0 0.75390625 0.30615234375 0.0361328125 0.0322265625
0 0.7734375 0.52197265625 0.0341796875 0.033203125
0 0.86962890625 0.58349609375 0.0400390625 0.029296875
0 0.77197265625 0.611328125 0.03515625 0.025390625
0 0.49365234375 0.728515625 0.0341796875 0.03515625
0 0.42822265625 0.8037109375 0.0341796875 0.0419921875
0 0.3671875 0.86962890625 0.03125 0.0478515625
1 0.00390625 0.7431640625 0.0078125 0.041015625
1 0.12109375 0.3623046875 0.0283203125 0.02734375
1 0.1708984375 0.318359375 0.0205078125 0.0244140625
1 0.18994140625 0.3046875 0.017578125 0.0283203125
1 0.177734375 0.29736328125 0.0126953125 0.0205078125
1 0.30908203125 0.30810546875 0.0166015625 0.029296875
1 0.3154296875 0.32763671875 0.0166015625 0.0283203125
1 0.2763671875 0.1103515625 0.0166015625 0.025390625
1 0.26953125 0.0712890625 0.0185546875 0.033203125
1 0.259765625 0.025390625 0.0205078125 0.02734375
1 0.25830078125 0.04150390625 0.0185546875 0.02734375
1 0.37353515625 0.12548828125 0.0205078125 0.0322265625
1 0.37255859375 0.0361328125 0.0166015625 0.025390625
1 0.38037109375 0.0546875 0.0185546875 0.02734375
1 0.4189453125 0.07666015625 0.017578125 0.033203125
1 0.4287109375 0.06103515625 0.0166015625 0.0322265625
1 0.451171875 0.04150390625 0.0185546875 0.029296875
1 0.45751953125 0.1572265625 0.0146484375 0.0244140625
1 0.44775390625 0.2158203125 0.015625 0.0205078125
1 0.43701171875 0.2373046875 0.0185546875 0.03125
1 0.8251953125 0.23828125 0.015625 0.0234375
1 0.85205078125 0.138671875 0.015625 0.03125
1 0.865234375 0.1328125 0.0146484375 0.0283203125
1 0.876953125 0.1279296875 0.0166015625 0.0234375
1 0.92236328125 0.13671875 0.0234375 0.0322265625
1 0.9384765625 0.13427734375 0.0244140625 0.033203125
1 0.9287109375 0.15185546875 0.0234375 0.0234375
1 0.927734375 0.1669921875 0.0234375 0.021484375
1 0.98193359375 0.35302734375 0.0234375 0.0263671875
1 0.98828125 0.5380859375 0.021484375 0.0205078125
1 0.98779296875 0.56103515625 0.01953125 0.0185546875
1 0.98291015625 0.6142578125 0.0224609375 0.029296875
1 0.9765625 0.61669921875 0.0224609375 0.0244140625
1 0.966796875 0.62451171875 0.01953125 0.0302734375
1 0.96142578125 0.5927734375 0.025390625 0.0244140625
1 0.923828125 0.63037109375 0.021484375 0.0244140625
1 0.9375 0.63720703125 0.015625 0.01953125
1 0.9091796875 0.64013671875 0.0263671875 0.0263671875
1 0.88623046875 0.6494140625 0.0166015625 0.0263671875
1 0.89111328125 0.5556640625 0.017578125 0.01953125
1 0.86376953125 0.6513671875 0.0205078125 0.0205078125
1 0.84033203125 0.654296875 0.0244140625 0.0224609375
1 0.74853515625 0.640625 0.01953125 0.01953125
1 0.77294921875 0.63427734375 0.021484375 0.017578125
1 0.7705078125 0.6484375 0.017578125 0.0234375
1 0.7734375 0.662109375 0.015625 0.0205078125
1 0.69580078125 0.68505859375 0.013671875 0.021484375
1 0.62255859375 0.71044921875 0.01171875 0.017578125
1 0.58740234375 0.7333984375 0.013671875 0.025390625
1 0.52099609375 0.7509765625 0.0166015625 0.0263671875
1 0.52734375 0.7841796875 0.0126953125 0.025390625
1 0.533203125 0.80419921875 0.013671875 0.0234375
1 0.50341796875 0.77490234375 0.0166015625 0.0234375
1 0.46435546875 0.857421875 0.0146484375 0.021484375
1 0.4130859375 0.8544921875 0.013671875 0.0205078125
1 0.39111328125 0.89501953125 0.013671875 0.025390625
1 0.39453125 0.91748046875 0.0166015625 0.0302734375
1 0.390625 0.966796875 0.0166015625 0.0322265625
1 0.2060546875 0.841796875 0.01953125 0.0283203125
1 0.1982421875 0.85693359375 0.0126953125 0.0234375
1 0.23388671875 0.79150390625 0.0185546875 0.0322265625
1 0.2607421875 0.73388671875 0.021484375 0.029296875
1 0.1689453125 0.69580078125 0.0224609375 0.0322265625
1 0.0869140625 0.63427734375 0.021484375 0.0322265625
1 0.283203125 0.52490234375 0.0205078125 0.03125
1 0.6259765625 0.4814453125 0.0146484375 0.0166015625