0 0.01318359375 0.939453125 0.0263671875 0.11865234375
0 0.10888671875 0.9404296875 0.0224609375 0.052734375
0 0.0673828125 0.74462890625 0.0263671875 0.0556640625
0 0.0498046875 0.67626953125 0.025390625 0.0546875
0 0.17578125 0.4140625 0.02685546875 0.02685546875
0 0.2578125 0.5966796875 0.02880859375 0.03466796875
0 0.30615234375 0.78466796875 0.0380859375 0.05908203125
0 0.373046875 0.62939453125 0.0263671875 0.0341796875
0 0.53759765625 0.5859375 0.06005859375 0.11181640625
0 0.54296875 0.6435546875 0.021484375 0.04248046875
0 0.48046875 0.80712890625 0.01904296875 0.0458984375
0 0.51123046875 0.72900390625 0.0185546875 0.048828125
0 0.60986328125 0.18798828125 0.02783203125 0.03271484375
0 0.72021484375 0.41455078125 0.0263671875 0.03271484375
0 0.783203125 0.341796875 0.0263671875 0.03564453125
1 0.1123046875 0.97998046875 0.0166015625 0.03564453125
1 0.19775390625 0.890625 0.0146484375 0.0234375
1 0.1943359375 0.876953125 0.0166015625 0.02099609375
1 0.0048828125 0.5009765625 0.009765625 0.017578125
1 0.20263671875 0.5107421875 0.0107421875 0.013671875
1 0.21337890625 0.505859375 0.01171875 0.01513671875
1 0.21484375 0.52880859375 0.01123046875 0.013671875
1 0.2275390625 0.5283203125 0.01123046875 0.01171875
1 0.2275390625 0.51123046875 0.0087890625 0.0126953125
1 0.240234375 0.509765625 0.01171875 0.01806640625
1 0.24462890625 0.41162109375 0.01171875 0.01513671875
1 0.2294921875 0.1630859375 0.0126953125 0.01806640625
1 0.2685546875 0.10693359375 0.01513671875 0.02294921875
1 0.23486328125 0.27685546875 0.01171875 0.01806640625
1 0.2353515625 0.29296875 0.01318359375 0.01513671875
1 0.4365234375 0.18212890625 0.01025390625 0.01806640625
1 0.4287109375 0.24365234375 0.01025390625 0.013671875
1 0.4306640625 0.2568359375 0.009765625 0.01611328125
1 0.4697265625 0.298828125 0.01318359375 0.02001953125
1 0.4404296875 0.29638671875 0.0087890625 0.013671875
1 0.4375 0.30712890625 0.01025390625 0.013671875
1 0.50439453125 0.42626953125 0.00927734375 0.0146484375
1 0.5009765625 0.44384765625 0.0087890625 0.01513671875
1 0.484375 0.455078125 0.0087890625 0.01806640625
1 0.31982421875 0.7236328125 0.01171875 0.01806640625
1 0.232421875 0.7919921875 0.0107421875 0.02294921875
1 0.35693359375 0.89013671875 0.0068359375 0.013671875
1 0.357421875 0.8720703125 0.0087890625 0.01806640625
1 0.427734375 0.91064453125 0.00830078125 0.01806640625
1 0.427734375 0.92626953125 0.0068359375 0.0126953125
1 0.4453125 0.98876953125 0.0087890625 0.0224609375
1 0.51025390625 0.8740234375 0.00830078125 0.0234375
1 0.60302734375 0.9765625 0.009765625 0.0244140625
1 0.5107421875 0.77490234375 0.00634765625 0.01806640625
1 0.5478515625 0.6767578125 0.00830078125 0.02001953125
1 0.5634765625 0.66357421875 0.009765625 0.01611328125
1 0.58984375 0.587890625 0.0107421875 0.01953125
1 0.6044921875 0.546875 0.01318359375 0.017578125
1 0.60595703125 0.53173828125 0.00927734375 0.01513671875
1 0.634765625 0.54638671875 0.0078125 0.013671875
1 0.6015625 0.60498046875 0.00634765625 0.0146484375
1 0.62255859375 0.5439453125 0.0087890625 0.01806640625
1 0.65478515625 0.51513671875 0.0087890625 0.017578125
1 0.666015625 0.501953125 0.0087890625 0.01513671875
1 0.6748046875 0.505859375 0.0078125 0.01318359375
1 0.68896484375 0.501953125 0.0107421875 0.01611328125
1 0.6796875 0.0439453125 0.0087890625 0.0224609375
1 0.6884765625 0.0322265625 0.0087890625 0.021484375
1 0.6953125 0.02392578125 0.00830078125 0.021484375
1 0.73876953125 0.02587890625 0.0126953125 0.021484375
1 0.7685546875 0.24755859375 0.0087890625 0.013671875
1 0.7431640625 0.203125 0.01123046875 0.013671875
1 0.748046875 0.20947265625 0.0087890625 0.013671875
1 0.73486328125 0.21337890625 0.01025390625 0.01318359375
1 0.734375 0.24951171875 0.01123046875 0.01318359375
1 0.744140625 0.27783203125 0.01025390625 0.01953125
1 0.7802734375 0.37841796875 0.01220703125 0.02099609375
1 0.7763671875 0.4091796875 0.01513671875 0.01513671875
1 0.60009765625 0.17919921875 0.00927734375 0.01611328125
1 0.3818359375 0.09033203125 0.0126953125 0.03076171875