0 0.865234375 0.9755859375 0.037109375 0.048828125
0 0.921875 0.783203125 0.0283203125 0.0576171875
0 0.94482421875 0.71435546875 0.0322265625 0.05859375
0 0.7021484375 0.8466796875 0.048828125 0.06640625
0 0.50048828125 0.712890625 0.06640625 0.125
0 0.46875 0.73388671875 0.0263671875 0.04296875
0 0.49462890625 0.81494140625 0.0224609375 0.0458984375
0 0.4443359375 0.64404296875 0.0263671875 0.046875
0 0.61767578125 0.64111328125 0.02734375 0.0361328125
0 0.73779296875 0.6162109375 0.03125 0.0341796875
0 0.7607421875 0.44580078125 0.0302734375 0.0283203125
0 0.283203125 0.3984375 0.0263671875 0.0341796875
0 0.224609375 0.32080078125 0.02734375 0.0380859375
0 0.04931640625 0.07958984375 0.02734375 0.0380859375
0 0.4140625 0.1728515625 0.0302734375 0.03515625
1 0.78564453125 0.90087890625 0.0224609375 0.0263671875
1 0.77783203125 0.92041015625 0.0185546875 0.02734375
1 0.61328125 0.90625 0.0146484375 0.0185546875
1 0.6142578125 0.8876953125 0.0146484375 0.01953125
1 0.66455078125 0.74169921875 0.0146484375 0.0224609375
1 0.79833984375 0.52490234375 0.013671875 0.0205078125
1 0.78857421875 0.50927734375 0.015625 0.0146484375
1 0.787109375 0.54931640625 0.0146484375 0.021484375
1 0.76416015625 0.53076171875 0.013671875 0.021484375
1 0.77392578125 0.5322265625 0.013671875 0.0166015625
1 0.77490234375 0.54833984375 0.015625 0.015625
1 0.7666015625 0.40673828125 0.0146484375 0.0234375
1 0.7890625 0.29248046875 0.01171875 0.0185546875
1 0.7861328125 0.30859375 0.013671875 0.015625
1 0.7978515625 0.1884765625 0.013671875 0.01953125
1 0.76904296875 0.115234375 0.021484375 0.0244140625
1 0.65478515625 0.09033203125 0.013671875 0.0322265625
1 0.60009765625 0.17822265625 0.013671875 0.0185546875
1 0.5986328125 0.2001953125 0.0087890625 0.01953125
1 0.5888671875 0.21337890625 0.0146484375 0.01953125
1 0.60107421875 0.24169921875 0.009765625 0.015625
1 0.5986328125 0.2578125 0.0126953125 0.021484375
1 0.56103515625 0.30126953125 0.0107421875 0.0224609375
1 0.59375 0.30322265625 0.0107421875 0.0185546875
1 0.59228515625 0.31640625 0.0087890625 0.015625
1 0.5107421875 0.40283203125 0.0126953125 0.0185546875
1 0.51318359375 0.42724609375 0.0107421875 0.015625
1 0.52783203125 0.4345703125 0.0087890625 0.013671875
1 0.29541015625 0.00537109375 0.0166015625 0.0107421875
1 0.33984375 0.0078125 0.009765625 0.015625
1 0.34716796875 0.01220703125 0.0107421875 0.0244140625
1 0.35400390625 0.02197265625 0.0107421875 0.0234375
1 0.27685546875 0.1806640625 0.01171875 0.0166015625
1 0.27197265625 0.18994140625 0.01171875 0.0185546875
1 0.2880859375 0.18994140625 0.009765625 0.015625
1 0.27734375 0.2587890625 0.0126953125 0.0185546875
1 0.26171875 0.28564453125 0.01171875 0.013671875
1 0.22900390625 0.26025390625 0.0146484375 0.025390625
1 0.068359375 0.09130859375 0.0166015625 0.0185546875
1 0.04833984375 0.1240234375 0.0224609375 0.0234375
1 0.1220703125 0.23779296875 0.0087890625 0.0166015625
1 0.134765625 0.236328125 0.015625 0.0126953125
1 0.12548828125 0.25 0.0166015625 0.0185546875
1 0.1376953125 0.24951171875 0.01953125 0.015625
1 0.17041015625 0.25634765625 0.015625 0.0185546875
1 0.13720703125 0.27734375 0.017578125 0.01953125
1 0.1591796875 0.2724609375 0.015625 0.0224609375
1 0.1474609375 0.29736328125 0.015625 0.0166015625
1 0.16552734375 0.31884765625 0.009765625 0.0146484375
1 0.17431640625 0.322265625 0.0146484375 0.021484375
1 0.23291015625 0.3701171875 0.013671875 0.015625
1 0.22607421875 0.388671875 0.0185546875 0.015625
1 0.32080078125 0.4990234375 0.013671875 0.01953125
1 0.33251953125 0.50927734375 0.0087890625 0.0126953125
1 0.33935546875 0.5107421875 0.01171875 0.015625
1 0.38037109375 0.52294921875 0.01171875 0.017578125
1 0.37744140625 0.51318359375 0.0107421875 0.013671875
1 0.369140625 0.55859375 0.01171875 0.017578125
1 0.396484375 0.55615234375 0.0126953125 0.0166015625
1 0.42724609375 0.68212890625 0.01171875 0.0185546875
1 0.44384765625 0.701171875 0.01171875 0.013671875
1 0.4375 0.7109375 0.013671875 0.0166015625
1 0.3349609375 0.865234375 0.013671875 0.015625
1 0.345703125 0.90673828125 0.0126953125 0.015625
1 0.34423828125 0.9794921875 0.0107421875 0.015625
1 0.35498046875 0.97802734375 0.0107421875 0.0234375
1 0.46337890625 0.89453125 0.0107421875 0.0185546875
1 0.46484375 0.77587890625 0.009765625 0.017578125
1 0.45361328125 0.962890625 0.0107421875 0.013671875
1 0.45703125 0.94873046875 0.0078125 0.015625
1 0.46826171875 0.96337890625 0.0126953125 0.021484375
1 0.4619140625 0.98486328125 0.01171875 0.0234375
1 0.5224609375 0.94384765625 0.01171875 0.0185546875
1 0.52490234375 0.9208984375 0.01171875 0.017578125
1 0.52880859375 0.990234375 0.0126953125 0.01953125