0 0.95751953125 0.89404296875 0.0390625 0.0595703125
0 0.9716796875 0.689453125 0.0302734375 0.0576171875
0 0.97998046875 0.6171875 0.0341796875 0.05859375
0 0.76953125 0.796875 0.05078125 0.0673828125
0 0.544921875 0.7080078125 0.0712890625 0.1259765625
0 0.51806640625 0.7353515625 0.02734375 0.0439453125
0 0.56005859375 0.8095703125 0.0234375 0.0458984375
0 0.4755859375 0.65234375 0.02734375 0.046875
0 0.64453125 0.61376953125 0.0283203125 0.037109375
0 0.7568359375 0.564453125 0.0322265625 0.03515625
0 0.74365234375 0.39306640625 0.03125 0.029296875
0 0.26708984375 0.4453125 0.02734375 0.03515625
0 0.193359375 0.38232421875 0.0283203125 0.0380859375
0 0.34765625 0.19775390625 0.03125 0.0361328125
1 0.86279296875 0.8330078125 0.0224609375 0.02734375
1 0.859375 0.853515625 0.01953125 0.0283203125
1 0.95849609375 0.9326171875 0.0224609375 0.0283203125
1 0.6953125 0.8740234375 0.015625 0.01953125
1 0.6923828125 0.85546875 0.015625 0.0205078125
1 0.71142578125 0.7021484375 0.015625 0.0224609375
1 0.796875 0.46240234375 0.013671875 0.0205078125
1 0.7841796875 0.44873046875 0.0166015625 0.0146484375
1 0.79150390625 0.48828125 0.0146484375 0.021484375
1 0.7646484375 0.4755859375 0.0146484375 0.021484375
1 0.77490234375 0.474609375 0.0146484375 0.0166015625
1 0.779296875 0.490234375 0.0166015625 0.0166015625
1 0.7412109375 0.353515625 0.015625 0.0234375
1 0.73974609375 0.23681640625 0.0126953125 0.01953125
1 0.740234375 0.2529296875 0.0146484375 0.015625
1 0.7265625 0.13330078125 0.0146484375 0.01953125
1 0.68310546875 0.06787109375 0.0224609375 0.025390625
1 0.56640625 0.0673828125 0.0146484375 0.033203125
1 0.53125 0.16455078125 0.013671875 0.0185546875
1 0.5341796875 0.1865234375 0.0087890625 0.01953125
1 0.52734375 0.201171875 0.0146484375 0.01953125
1 0.544921875 0.2265625 0.0107421875 0.015625
1 0.5458984375 0.24267578125 0.013671875 0.0224609375
1 0.5185546875 0.29296875 0.01171875 0.0224609375
1 0.55078125 0.2880859375 0.01171875 0.01953125
1 0.55224609375 0.30126953125 0.0087890625 0.015625
1 0.49072265625 0.40283203125 0.013671875 0.0185546875
1 0.49755859375 0.42578125 0.0107421875 0.0166015625
1 0.513671875 0.4306640625 0.009765625 0.013671875
1 0.1962890625 0.052734375 0.017578125 0.0224609375
1 0.24072265625 0.04833984375 0.009765625 0.0234375
1 0.24951171875 0.052734375 0.01171875 0.0283203125
1 0.2578125 0.06298828125 0.01171875 0.0234375
1 0.21533203125 0.23388671875 0.0126953125 0.017578125
1 0.21240234375 0.244140625 0.0126953125 0.0185546875
1 0.22802734375 0.24072265625 0.009765625 0.015625
1 0.232421875 0.310546875 0.0126953125 0.0185546875
1 0.22265625 0.33984375 0.01171875 0.013671875
1 0.18505859375 0.32177734375 0.015625 0.0263671875
1 0.07568359375 0.322265625 0.009765625 0.0166015625
1 0.087890625 0.31787109375 0.015625 0.013671875
1 0.08154296875 0.33349609375 0.0166015625 0.01953125
1 0.09326171875 0.33056640625 0.0205078125 0.015625
1 0.126953125 0.33056640625 0.0166015625 0.01953125
1 0.0986328125 0.357421875 0.017578125 0.0205078125
1 0.119140625 0.3486328125 0.0166015625 0.0224609375
1 0.11328125 0.375 0.015625 0.0166015625
1 0.13525390625 0.39208984375 0.0107421875 0.0146484375
1 0.14453125 0.39404296875 0.0146484375 0.021484375
1 0.2119140625 0.4287109375 0.0146484375 0.015625
1 0.208984375 0.4482421875 0.0185546875 0.0166015625
1 0.32421875 0.5361328125 0.0146484375 0.01953125
1 0.33837890625 0.5439453125 0.0087890625 0.0126953125
1 0.34521484375 0.5439453125 0.0126953125 0.0166015625
1 0.3876953125 0.54736328125 0.0126953125 0.017578125
1 0.3828125 0.53857421875 0.0107421875 0.013671875
1 0.3837890625 0.58447265625 0.01171875 0.017578125
1 0.41064453125 0.57666015625 0.0126953125 0.017578125
1 0.466796875 0.693359375 0.0126953125 0.0185546875
1 0.48681640625 0.7080078125 0.0126953125 0.013671875
1 0.48291015625 0.7197265625 0.0146484375 0.0166015625
1 0.41455078125 0.8916015625 0.0146484375 0.015625
1 0.43359375 0.9296875 0.0126953125 0.0166015625
1 0.447265625 0.99658203125 0.01171875 0.0068359375
1 0.45703125 0.99267578125 0.01171875 0.0146484375
1 0.54638671875 0.89306640625 0.01171875 0.0185546875
1 0.5234375 0.77685546875 0.0107421875 0.017578125
1 0.55078125 0.96240234375 0.01171875 0.0146484375
1 0.55126953125 0.94775390625 0.0087890625 0.015625
1 0.5654296875 0.9599609375 0.013671875 0.0224609375
1 0.5634765625 0.98193359375 0.0126953125 0.0234375
1 0.6142578125 0.9296875 0.0126953125 0.0185546875
1 0.61181640625 0.90625 0.01171875 0.017578125
1 0.63134765625 0.97607421875 0.013671875 0.0244140625