0 0.95458984375 0.9560546875 0.0341796875 0.087890625
0 0.859375 0.966796875 0.0263671875 0.0537109375
0 0.91455078125 0.7744140625 0.0302734375 0.0576171875
0 0.93701171875 0.70703125 0.029296875 0.056640625
0 0.82958984375 0.43701171875 0.0283203125 0.0283203125
0 0.73486328125 0.61328125 0.03125 0.0361328125
0 0.67333984375 0.79736328125 0.0419921875 0.0615234375
0 0.61767578125 0.6376953125 0.0283203125 0.0361328125
0 0.45654296875 0.5830078125 0.0673828125 0.1162109375
0 0.447265625 0.64013671875 0.0244140625 0.0439453125
0 0.498046875 0.8076171875 0.0224609375 0.046875
0 0.47265625 0.7275390625 0.021484375 0.0498046875
0 0.412109375 0.18115234375 0.0302734375 0.0341796875
0 0.2861328125 0.3994140625 0.0283203125 0.0341796875
0 0.228515625 0.322265625 0.0283203125 0.037109375
1 0.8525390625 0.99365234375 0.01953125 0.0126953125
1 0.7744140625 0.91064453125 0.0166015625 0.0244140625
1 0.77880859375 0.8974609375 0.017578125 0.0224609375
1 0.99365234375 0.53564453125 0.0107421875 0.0185546875
1 0.7958984375 0.53125 0.01171875 0.0146484375
1 0.78564453125 0.52587890625 0.0126953125 0.015625
1 0.7822265625 0.548828125 0.01171875 0.0146484375
1 0.77001953125 0.54736328125 0.01171875 0.0126953125
1 0.77099609375 0.5302734375 0.009765625 0.013671875
1 0.75830078125 0.52783203125 0.0126953125 0.0185546875
1 0.7607421875 0.4296875 0.0126953125 0.015625
1 0.79345703125 0.1826171875 0.013671875 0.0185546875
1 0.75830078125 0.1240234375 0.0166015625 0.0244140625
1 0.7802734375 0.2958984375 0.0126953125 0.0185546875
1 0.7783203125 0.31201171875 0.0146484375 0.015625
1 0.58544921875 0.1875 0.01171875 0.0185546875
1 0.5888671875 0.2490234375 0.0107421875 0.0146484375
1 0.5859375 0.26220703125 0.0107421875 0.0166015625
1 0.54443359375 0.30126953125 0.0146484375 0.0205078125
1 0.57373046875 0.30126953125 0.009765625 0.0146484375
1 0.57568359375 0.31201171875 0.0107421875 0.0146484375
1 0.5009765625 0.42626953125 0.0107421875 0.015625
1 0.5029296875 0.44384765625 0.009765625 0.015625
1 0.5185546875 0.4560546875 0.009765625 0.0185546875
1 0.6640625 0.73583984375 0.0126953125 0.0185546875
1 0.74658203125 0.81005859375 0.0126953125 0.0234375
1 0.61572265625 0.89892578125 0.0078125 0.013671875
1 0.6162109375 0.88134765625 0.009765625 0.0185546875
1 0.54345703125 0.91455078125 0.009765625 0.0185546875
1 0.54248046875 0.93017578125 0.0078125 0.0126953125
1 0.52001953125 0.98974609375 0.0107421875 0.0205078125
1 0.4638671875 0.87255859375 0.009765625 0.0244140625
1 0.36376953125 0.96826171875 0.01171875 0.025390625
1 0.47021484375 0.7734375 0.0078125 0.0185546875
1 0.43994140625 0.6728515625 0.009765625 0.0205078125
1 0.42529296875 0.65869140625 0.0107421875 0.0166015625
1 0.404296875 0.58154296875 0.01171875 0.0205078125
1 0.392578125 0.53955078125 0.0146484375 0.0185546875
1 0.39208984375 0.5244140625 0.0107421875 0.015625
1 0.3623046875 0.537109375 0.0087890625 0.0146484375
1 0.3916015625 0.59765625 0.0078125 0.0146484375
1 0.37451171875 0.53515625 0.009765625 0.0185546875
1 0.3447265625 0.50439453125 0.009765625 0.0185546875
1 0.33447265625 0.490234375 0.009765625 0.015625
1 0.3251953125 0.49365234375 0.0087890625 0.013671875
1 0.3115234375 0.48876953125 0.01171875 0.0166015625
1 0.3525390625 0.03271484375 0.0107421875 0.0234375
1 0.3447265625 0.02001953125 0.0107421875 0.0224609375
1 0.33837890625 0.01123046875 0.009765625 0.0224609375
1 0.29443359375 0.0107421875 0.0146484375 0.021484375
1 0.24951171875 0.2294921875 0.009765625 0.0146484375
1 0.2783203125 0.18701171875 0.01171875 0.0146484375
1 0.27294921875 0.19287109375 0.009765625 0.0146484375
1 0.28564453125 0.19775390625 0.0107421875 0.013671875
1 0.28369140625 0.23388671875 0.01171875 0.013671875
1 0.27197265625 0.26123046875 0.01171875 0.0205078125
1 0.22900390625 0.359375 0.013671875 0.021484375
1 0.23046875 0.39013671875 0.0166015625 0.0166015625
1 0.42236328125 0.1728515625 0.0107421875 0.0166015625
1 0.646484375 0.099609375 0.0146484375 0.03125