0 0.09375 0.94677734375 0.0322265625 0.0556640625
0 0.05517578125 0.74560546875 0.0234375 0.0556640625
0 0.0380859375 0.6748046875 0.02734375 0.05615234375
0 0.2685546875 0.82763671875 0.04345703125 0.06298828125
0 0.48095703125 0.7119140625 0.056640625 0.1201171875
0 0.5107421875 0.73583984375 0.0224609375 0.04150390625
0 0.47802734375 0.814453125 0.0185546875 0.04443359375
0 0.54296875 0.6484375 0.0224609375 0.044921875
0 0.37060546875 0.63037109375 0.0244140625 0.0341796875
0 0.2529296875 0.59521484375 0.0283203125 0.03173828125
0 0.2451171875 0.42333984375 0.0283203125 0.02587890625
0 0.724609375 0.41748046875 0.0234375 0.03271484375
0 0.7900390625 0.345703125 0.0244140625 0.03564453125
0 0.98583984375 0.12060546875 0.02392578125 0.03662109375
0 0.6142578125 0.181640625 0.02734375 0.033203125
1 0.1806640625 0.87451171875 0.02001953125 0.02490234375
1 0.1865234375 0.89453125 0.01611328125 0.0263671875
1 0.09765625 0.9853515625 0.01953125 0.02587890625
1 0.3515625 0.89501953125 0.01318359375 0.017578125
1 0.3525390625 0.87646484375 0.01318359375 0.0185546875
1 0.31494140625 0.7265625 0.0126953125 0.021484375
1 0.20068359375 0.4990234375 0.01171875 0.01953125
1 0.2119140625 0.48388671875 0.0146484375 0.01318359375
1 0.20947265625 0.52392578125 0.0126953125 0.02001953125
1 0.234375 0.5078125 0.01220703125 0.02001953125
1 0.22412109375 0.50830078125 0.0126953125 0.01513671875
1 0.2216796875 0.5244140625 0.0146484375 0.0146484375
1 0.24267578125 0.3837890625 0.01318359375 0.0224609375
1 0.22998046875 0.26806640625 0.01025390625 0.01806640625
1 0.2314453125 0.2841796875 0.0126953125 0.0146484375
1 0.23046875 0.16357421875 0.01220703125 0.0185546875
1 0.265625 0.09326171875 0.01953125 0.02294921875
1 0.38134765625 0.07861328125 0.01123046875 0.03173828125
1 0.42822265625 0.1708984375 0.01171875 0.017578125
1 0.427734375 0.19287109375 0.0068359375 0.0185546875
1 0.4365234375 0.20654296875 0.0126953125 0.0185546875
1 0.421875 0.23388671875 0.0087890625 0.01513671875
1 0.4228515625 0.25 0.0107421875 0.02099609375
1 0.45654296875 0.296875 0.00927734375 0.021484375
1 0.423828125 0.2958984375 0.00927734375 0.01806640625
1 0.423828125 0.30908203125 0.00732421875 0.0146484375
1 0.49755859375 0.40234375 0.01123046875 0.017578125
1 0.4931640625 0.42626953125 0.00927734375 0.01513671875
1 0.47802734375 0.4326171875 0.0078125 0.01318359375
1 0.7470703125 0.01904296875 0.01513671875 0.02099609375
1 0.7021484375 0.02001953125 0.00732421875 0.02294921875
1 0.6943359375 0.025390625 0.00830078125 0.02783203125
1 0.68701171875 0.03662109375 0.0087890625 0.02294921875
1 0.75 0.201171875 0.0107421875 0.01611328125
1 0.75439453125 0.2109375 0.01025390625 0.017578125
1 0.73828125 0.20947265625 0.00830078125 0.01513671875
1 0.74267578125 0.279296875 0.0107421875 0.017578125
1 0.755859375 0.30712890625 0.01025390625 0.0126953125
1 0.791015625 0.28466796875 0.01220703125 0.02490234375
1 0.9658203125 0.13037109375 0.01513671875 0.017578125
1 0.98291015625 0.1650390625 0.02099609375 0.021484375
1 0.8994140625 0.27197265625 0.0078125 0.01611328125
1 0.88671875 0.26904296875 0.0146484375 0.01171875
1 0.89501953125 0.28369140625 0.0146484375 0.017578125
1 0.8828125 0.2822265625 0.0185546875 0.013671875
1 0.849609375 0.2861328125 0.01416015625 0.017578125
1 0.880859375 0.3095703125 0.015625 0.0185546875
1 0.859375 0.30322265625 0.01416015625 0.02099609375
1 0.86865234375 0.32861328125 0.01416015625 0.01513671875
1 0.84912109375 0.3486328125 0.0087890625 0.013671875
1 0.83984375 0.3515625 0.0126953125 0.02001953125
1 0.77734375 0.39404296875 0.0126953125 0.0146484375
1 0.78271484375 0.4130859375 0.01708984375 0.0146484375
1 0.6787109375 0.5146484375 0.01220703125 0.01806640625
1 0.666015625 0.52392578125 0.0078125 0.01171875
1 0.6591796875 0.52490234375 0.0107421875 0.01513671875
1 0.6171875 0.533203125 0.0107421875 0.0166015625
1 0.62109375 0.52392578125 0.00927734375 0.0126953125
1 0.62548828125 0.56982421875 0.01025390625 0.0166015625
1 0.59814453125 0.56494140625 0.01123046875 0.01611328125
1 0.556640625 0.68798828125 0.01025390625 0.017578125
1 0.53857421875 0.705078125 0.0107421875 0.0126953125
1 0.5439453125 0.7158203125 0.0126953125 0.01513671875
1 0.63232421875 0.87841796875 0.0126953125 0.0146484375
1 0.6181640625 0.91845703125 0.01123046875 0.01513671875
1 0.61328125 0.9912109375 0.009765625 0.0146484375
1 0.60302734375 0.98876953125 0.00927734375 0.0224609375
1 0.501953125 0.89599609375 0.00927734375 0.017578125
1 0.5107421875 0.77783203125 0.00830078125 0.0166015625
1 0.505859375 0.96533203125 0.009765625 0.01318359375
1 0.50390625 0.95068359375 0.0068359375 0.0146484375
1 0.4912109375 0.96435546875 0.0107421875 0.02099609375
1 0.49560546875 0.986328125 0.01025390625 0.0224609375
1 0.43896484375 0.9404296875 0.01025390625 0.017578125
1 0.4384765625 0.9169921875 0.01025390625 0.0166015625
1 0.427734375 0.98828125 0.0107421875 0.0234375