0 0.884765625 0.0146484375 0.05078125 0.029296875
0 0.791015625 0.0078125 0.033203125 0.015625
0 0.8720703125 0.1708984375 0.037109375 0.0595703125
0 0.90380859375 0.23388671875 0.0361328125 0.05859375
0 0.8349609375 0.5166015625 0.0322265625 0.0322265625
0 0.716796875 0.35498046875 0.03515625 0.0400390625
0 0.63037109375 0.18115234375 0.0498046875 0.0654296875
0 0.59716796875 0.34716796875 0.033203125 0.0390625
0 0.4453125 0.423828125 0.08203125 0.1220703125
0 0.42822265625 0.36865234375 0.0302734375 0.0458984375
0 0.455078125 0.1953125 0.0283203125 0.048828125
0 0.44140625 0.2783203125 0.0283203125 0.0517578125
0 0.45751953125 0.828125 0.0341796875 0.0380859375
0 0.30224609375 0.62939453125 0.0322265625 0.037109375
0 0.255859375 0.7138671875 0.033203125 0.0400390625
1 0.71435546875 0.05517578125 0.01953125 0.0263671875
1 0.720703125 0.06787109375 0.0205078125 0.0244140625
1 0.98388671875 0.39599609375 0.013671875 0.01953125
1 0.78857421875 0.427734375 0.013671875 0.015625
1 0.779296875 0.4345703125 0.0146484375 0.017578125
1 0.77294921875 0.41259765625 0.013671875 0.015625
1 0.7607421875 0.41552734375 0.013671875 0.013671875
1 0.76416015625 0.43212890625 0.01171875 0.0146484375
1 0.751953125 0.4365234375 0.015625 0.0205078125
1 0.76806640625 0.533203125 0.0146484375 0.017578125
1 0.83447265625 0.7734375 0.0166015625 0.0205078125
1 0.80810546875 0.83642578125 0.01953125 0.025390625
1 0.8056640625 0.6630859375 0.015625 0.0205078125
1 0.8017578125 0.6474609375 0.015625 0.017578125
1 0.62841796875 0.7978515625 0.013671875 0.01953125
1 0.623046875 0.73583984375 0.0126953125 0.015625
1 0.6181640625 0.7236328125 0.0126953125 0.017578125
1 0.5712890625 0.6904296875 0.0166015625 0.0224609375
1 0.6005859375 0.68701171875 0.01171875 0.015625
1 0.60107421875 0.67578125 0.0126953125 0.015625
1 0.51123046875 0.5732421875 0.01171875 0.0166015625
1 0.5107421875 0.55517578125 0.01171875 0.0166015625
1 0.5244140625 0.54052734375 0.0126953125 0.01953125
1 0.6298828125 0.24365234375 0.015625 0.0205078125
1 0.701171875 0.15869140625 0.015625 0.0244140625
1 0.55859375 0.0888671875 0.009765625 0.0146484375
1 0.56201171875 0.1064453125 0.0126953125 0.01953125
1 0.4853515625 0.08349609375 0.01171875 0.01953125
1 0.48193359375 0.06787109375 0.009765625 0.013671875
1 0.451171875 0.01123046875 0.013671875 0.0224609375
1 0.412109375 0.13623046875 0.0126953125 0.0244140625
1 0.30029296875 0.05517578125 0.0146484375 0.0263671875
1 0.43212890625 0.2333984375 0.009765625 0.0185546875
1 0.41650390625 0.3369140625 0.0126953125 0.021484375
1 0.40380859375 0.35302734375 0.0126953125 0.017578125
1 0.39404296875 0.4326171875 0.0146484375 0.021484375
1 0.38818359375 0.47607421875 0.0166015625 0.01953125
1 0.3896484375 0.4912109375 0.0126953125 0.0166015625
1 0.3583984375 0.482421875 0.0107421875 0.0146484375
1 0.37890625 0.41845703125 0.0087890625 0.015625
1 0.37109375 0.482421875 0.0126953125 0.01953125
1 0.34521484375 0.517578125 0.0126953125 0.0185546875
1 0.33740234375 0.53271484375 0.01171875 0.0166015625
1 0.32763671875 0.53076171875 0.0107421875 0.0146484375
1 0.31494140625 0.53759765625 0.013671875 0.017578125
1 0.4189453125 0.9833984375 0.013671875 0.0234375
1 0.41259765625 0.99267578125 0.0126953125 0.0146484375
1 0.40771484375 0.99755859375 0.0126953125 0.0048828125
1 0.2900390625 0.802734375 0.01171875 0.015625
1 0.32373046875 0.8408203125 0.013671875 0.015625
1 0.31787109375 0.8359375 0.01171875 0.015625
1 0.330078125 0.8291015625 0.0126953125 0.0146484375
1 0.32275390625 0.7939453125 0.013671875 0.015625
1 0.3076171875 0.76806640625 0.013671875 0.021484375
1 0.2509765625 0.67724609375 0.0166015625 0.0234375
1 0.24853515625 0.646484375 0.017578125 0.017578125
1 0.46875 0.83447265625 0.0126953125 0.017578125
1 0.70068359375 0.8759765625 0.0185546875 0.033203125