0 0.1787109375 0.44775390625 0.0390625 0.02685546875
0 0.31005859375 0.57958984375 0.03564453125 0.029296875
0 0.5380859375 0.341796875 0.05126953125 0.0458984375
0 0.61474609375 0.404296875 0.05029296875 0.048828125
0 0.705078125 0.23291015625 0.03466796875 0.029296875
0 0.73974609375 0.2890625 0.0341796875 0.02978515625
0 0.7744140625 0.5029296875 0.0322265625 0.03125
0 0.87451171875 0.5576171875 0.0380859375 0.02685546875
0 0.779296875 0.59228515625 0.03369140625 0.02294921875
0 0.509765625 0.728515625 0.0322265625 0.033203125
0 0.44970703125 0.80810546875 0.03125 0.03955078125
0 0.39306640625 0.8779296875 0.02783203125 0.0458984375
1 0.01220703125 0.7783203125 0.0244140625 0.03955078125
1 0.1123046875 0.38916015625 0.0263671875 0.02587890625
1 0.1591796875 0.341796875 0.01904296875 0.02294921875
1 0.17724609375 0.32666015625 0.01611328125 0.02685546875
1 0.16455078125 0.3203125 0.01123046875 0.01953125
1 0.29638671875 0.32177734375 0.01513671875 0.02783203125
1 0.3037109375 0.3408203125 0.0146484375 0.02783203125
1 0.24951171875 0.126953125 0.0146484375 0.0244140625
1 0.240234375 0.08837890625 0.0166015625 0.03173828125
1 0.22705078125 0.04345703125 0.01904296875 0.02587890625
1 0.22705078125 0.0595703125 0.0166015625 0.0263671875
1 0.34765625 0.13525390625 0.01806640625 0.03125
1 0.34033203125 0.04638671875 0.0146484375 0.0244140625
1 0.349609375 0.06396484375 0.0166015625 0.0263671875
1 0.3896484375 0.08349609375 0.01513671875 0.03271484375
1 0.3984375 0.06689453125 0.0146484375 0.03125
1 0.41943359375 0.0458984375 0.0166015625 0.0283203125
1 0.43359375 0.1611328125 0.0126953125 0.0234375
1 0.42822265625 0.22021484375 0.01416015625 0.02001953125
1 0.4189453125 0.2421875 0.01611328125 0.02978515625
1 0.80615234375 0.21630859375 0.013671875 0.02294921875
1 0.826171875 0.11474609375 0.013671875 0.03076171875
1 0.8388671875 0.1083984375 0.0126953125 0.02783203125
1 0.85009765625 0.1025390625 0.0146484375 0.02294921875
1 0.89599609375 0.10791015625 0.02099609375 0.03076171875
1 0.912109375 0.1044921875 0.0224609375 0.03173828125
1 0.9033203125 0.123046875 0.0224609375 0.021484375
1 0.9033203125 0.13818359375 0.0224609375 0.01953125
1 0.970703125 0.31982421875 0.02197265625 0.02490234375
1 0.98974609375 0.50390625 0.0205078125 0.01953125
1 0.99072265625 0.52685546875 0.0185546875 0.017578125
1 0.98974609375 0.580078125 0.0205078125 0.02783203125
1 0.9833984375 0.5830078125 0.0205078125 0.02294921875
1 0.97412109375 0.591796875 0.017578125 0.029296875
1 0.966796875 0.560546875 0.0234375 0.02294921875
1 0.93212890625 0.6005859375 0.01953125 0.0234375
1 0.94580078125 0.6064453125 0.0146484375 0.0185546875
1 0.91796875 0.611328125 0.0244140625 0.0244140625
1 0.8955078125 0.6220703125 0.0146484375 0.02587890625
1 0.89404296875 0.5283203125 0.0166015625 0.0185546875
1 0.87353515625 0.62548828125 0.01953125 0.01953125
1 0.85009765625 0.63037109375 0.02294921875 0.02099609375
1 0.7578125 0.623046875 0.0185546875 0.0185546875
1 0.78173828125 0.61474609375 0.0205078125 0.01611328125
1 0.7802734375 0.62939453125 0.015625 0.0224609375
1 0.7841796875 0.642578125 0.0146484375 0.01953125
1 0.7080078125 0.6708984375 0.0126953125 0.02099609375
1 0.63671875 0.701171875 0.0107421875 0.0166015625
1 0.603515625 0.7265625 0.01220703125 0.0244140625
1 0.53857421875 0.7490234375 0.0146484375 0.02587890625
1 0.546875 0.78173828125 0.0107421875 0.0244140625
1 0.55419921875 0.80126953125 0.01220703125 0.02294921875
1 0.5224609375 0.77392578125 0.0146484375 0.02294921875
1 0.4892578125 0.85888671875 0.01318359375 0.02099609375
1 0.43798828125 0.85986328125 0.0126953125 0.02001953125
1 0.4189453125 0.90185546875 0.01220703125 0.02490234375
1 0.423828125 0.923828125 0.0146484375 0.02978515625
1 0.42333984375 0.97314453125 0.0146484375 0.03173828125
1 0.23046875 0.861328125 0.017578125 0.02685546875
1 0.2236328125 0.876953125 0.0107421875 0.02294921875
1 0.2548828125 0.8095703125 0.01611328125 0.03125
1 0.27783203125 0.75 0.02001953125 0.02783203125
1 0.18359375 0.71826171875 0.0205078125 0.03125
1 0.09716796875 0.66259765625 0.01953125 0.03076171875
1 0.28564453125 0.5400390625 0.01806640625 0.02978515625
1 0.62451171875 0.47265625 0.01318359375 0.01611328125