0 0.1865234375 0.47265625 0.0390625 0.03271484375
0 0.435546875 0.3525390625 0.04638671875 0.044921875
0 0.5322265625 0.4150390625 0.048828125 0.05126953125
0 0.318359375 0.5888671875 0.03076171875 0.029296875
0 0.4072265625 0.87255859375 0.0283203125 0.04931640625
0 0.46044921875 0.8017578125 0.0302734375 0.0458984375
0 0.515625 0.71826171875 0.03173828125 0.04248046875
0 0.97998046875 0.19580078125 0.0400390625 0.0361328125
0 0.87841796875 0.41943359375 0.037109375 0.0361328125
0 0.865234375 0.52294921875 0.03857421875 0.0341796875
0 0.7744140625 0.564453125 0.03125 0.03076171875
1 0.021484375 0.54931640625 0.0302734375 0.0283203125
1 0.0322265625 0.7939453125 0.02587890625 0.0361328125
1 0.1142578125 0.68896484375 0.01806640625 0.03125
1 0.19140625 0.75927734375 0.0185546875 0.0234375
1 0.27001953125 0.767578125 0.01953125 0.02783203125
1 0.27685546875 0.84521484375 0.017578125 0.03125
1 0.2470703125 0.87060546875 0.01416015625 0.02294921875
1 0.2431640625 0.88525390625 0.01220703125 0.0263671875
1 0.12939453125 0.41064453125 0.0224609375 0.02783203125
1 0.1279296875 0.35888671875 0.021484375 0.0244140625
1 0.1650390625 0.37109375 0.0205078125 0.017578125
1 0.1708984375 0.3525390625 0.0146484375 0.0166015625
1 0.181640625 0.35546875 0.01611328125 0.0244140625
1 0.224609375 0.076171875 0.0185546875 0.0244140625
1 0.2236328125 0.0927734375 0.0185546875 0.02099609375
1 0.2373046875 0.02587890625 0.01513671875 0.033203125
1 0.24462890625 0.140625 0.013671875 0.0263671875
1 0.234375 0.1591796875 0.0166015625 0.03125
1 0.34765625 0.07275390625 0.0126953125 0.0263671875
1 0.3564453125 0.09130859375 0.01123046875 0.02587890625
1 0.400390625 0.06201171875 0.01171875 0.02294921875
1 0.40283203125 0.0947265625 0.0166015625 0.02783203125
1 0.3896484375 0.1162109375 0.0146484375 0.033203125
1 0.3583984375 0.17138671875 0.01220703125 0.0244140625
1 0.31005859375 0.3076171875 0.01220703125 0.01953125
1 0.31298828125 0.3212890625 0.0126953125 0.01806640625
1 0.42333984375 0.27001953125 0.01171875 0.02001953125
1 0.4326171875 0.2548828125 0.01171875 0.02099609375
1 0.435546875 0.2060546875 0.013671875 0.02978515625
1 0.90185546875 0.0703125 0.01953125 0.0234375
1 0.88525390625 0.0859375 0.01953125 0.02783203125
1 0.8955078125 0.09326171875 0.015625 0.02587890625
1 0.8818359375 0.1142578125 0.02294921875 0.02294921875
1 0.82861328125 0.0849609375 0.0146484375 0.0244140625
1 0.81787109375 0.087890625 0.0146484375 0.02978515625
1 0.806640625 0.09423828125 0.0146484375 0.02978515625
1 0.79052734375 0.1962890625 0.01025390625 0.0185546875
1 0.947265625 0.28466796875 0.017578125 0.01953125
0 0.69287109375 0.2216796875 0.03515625 0.033203125
1 0.6494140625 0.21875 0.00927734375 0.021484375
1 0.87841796875 0.47705078125 0.0146484375 0.02294921875
1 0.955078125 0.5166015625 0.021484375 0.0244140625
1 0.98876953125 0.4541015625 0.0224609375 0.0185546875
1 0.9892578125 0.47412109375 0.02099609375 0.021484375
1 0.98681640625 0.50439453125 0.0244140625 0.01953125
1 0.97900390625 0.537109375 0.0205078125 0.03125
1 0.962890625 0.54736328125 0.017578125 0.02685546875
1 0.935546875 0.5625 0.0126953125 0.0185546875
1 0.923828125 0.5576171875 0.01953125 0.0244140625
1 0.9072265625 0.5703125 0.0205078125 0.01953125
1 0.88720703125 0.5791015625 0.0146484375 0.02099609375
1 0.8662109375 0.5908203125 0.0185546875 0.01953125
1 0.8447265625 0.595703125 0.0205078125 0.02099609375
1 0.7626953125 0.58935546875 0.0166015625 0.01513671875
1 0.7626953125 0.6181640625 0.015625 0.017578125
1 0.7587890625 0.603515625 0.013671875 0.01806640625
1 0.7431640625 0.60107421875 0.01708984375 0.021484375
1 0.72119140625 0.6455078125 0.0166015625 0.02001953125
1 0.28125 0.57958984375 0.017578125 0.02685546875
1 0.421875 0.90869140625 0.01123046875 0.02685546875
1 0.42578125 0.9287109375 0.013671875 0.029296875
1 0.4453125 0.9384765625 0.013671875 0.029296875
1 0.439453125 0.97900390625 0.01513671875 0.03955078125
1 0.427734375 0.96337890625 0.0146484375 0.033203125
1 0.45263671875 0.8466796875 0.013671875 0.0224609375
1 0.51025390625 0.822265625 0.01220703125 0.02099609375
1 0.54296875 0.7421875 0.01171875 0.02099609375
1 0.5576171875 0.71533203125 0.013671875 0.02490234375
1 0.5654296875 0.7431640625 0.01025390625 0.01806640625
1 0.5703125 0.75927734375 0.00927734375 0.02001953125
1 0.62255859375 0.68505859375 0.0087890625 0.0185546875
1 0.62255859375 0.4619140625 0.0126953125 0.01806640625
1 0.6064453125 0.7099609375 0.01318359375 0.0234375