0 0.81396484375 0.47802734375 0.0439453125 0.0380859375
0 0.5869140625 0.6357421875 0.052734375 0.0517578125
0 0.4814453125 0.5888671875 0.056640625 0.05859375
0 0.66552734375 0.3837890625 0.03515625 0.0341796875
0 0.533203125 0.11767578125 0.0361328125 0.052734375
0 0.49169921875 0.19580078125 0.037109375 0.0498046875
0 0.4501953125 0.287109375 0.0380859375 0.046875
0 0.07373046875 0.87548828125 0.044921875 0.0419921875
0 0.138671875 0.638671875 0.0419921875 0.041015625
0 0.1357421875 0.53466796875 0.04296875 0.0400390625
0 0.21875 0.4794921875 0.0361328125 0.03515625
1 0.96484375 0.37646484375 0.0341796875 0.0322265625
1 0.916015625 0.13671875 0.03125 0.0400390625
1 0.8515625 0.2529296875 0.0224609375 0.0341796875
1 0.76416015625 0.19580078125 0.0224609375 0.0263671875
1 0.68505859375 0.19970703125 0.0234375 0.0302734375
1 0.66650390625 0.1240234375 0.0224609375 0.033203125
1 0.69189453125 0.09423828125 0.017578125 0.0244140625
1 0.693359375 0.0791015625 0.0166015625 0.0283203125
1 0.8798828125 0.5302734375 0.0263671875 0.03125
1 0.8896484375 0.5810546875 0.025390625 0.02734375
1 0.85107421875 0.57470703125 0.0234375 0.0205078125
1 0.84814453125 0.59423828125 0.0166015625 0.0185546875
1 0.8369140625 0.5927734375 0.01953125 0.0263671875
1 0.83837890625 0.87548828125 0.0224609375 0.02734375
1 0.83642578125 0.85888671875 0.021484375 0.0234375
1 0.83349609375 0.92724609375 0.0205078125 0.03515625
1 0.80859375 0.81494140625 0.017578125 0.0283203125
1 0.8154296875 0.794921875 0.021484375 0.033203125
1 0.71728515625 0.89794921875 0.0166015625 0.0283203125
1 0.70556640625 0.88134765625 0.015625 0.02734375
1 0.6669921875 0.9169921875 0.015625 0.0244140625
1 0.6591796875 0.88525390625 0.0205078125 0.0302734375
1 0.6689453125 0.86181640625 0.01953125 0.03515625
1 0.69140625 0.80224609375 0.015625 0.0263671875
1 0.7177734375 0.66015625 0.0146484375 0.021484375
1 0.712890625 0.6474609375 0.015625 0.01953125
1 0.61181640625 0.71533203125 0.0146484375 0.021484375
1 0.60498046875 0.7314453125 0.0146484375 0.0224609375
1 0.60986328125 0.7802734375 0.0185546875 0.03125
1 0.169921875 0.98681640625 0.0234375 0.0263671875
1 0.18408203125 0.96923828125 0.0234375 0.0302734375
1 0.1728515625 0.96337890625 0.01953125 0.0283203125
1 0.18310546875 0.94091796875 0.0263671875 0.0263671875
1 0.240234375 0.96142578125 0.0185546875 0.0263671875
1 0.25048828125 0.95654296875 0.01953125 0.03125
1 0.2607421875 0.94873046875 0.01953125 0.03125
1 0.2607421875 0.84521484375 0.0126953125 0.01953125
1 0.091796875 0.78271484375 0.0205078125 0.0224609375
0 0.35302734375 0.80517578125 0.0400390625 0.0380859375
1 0.396484375 0.80126953125 0.0126953125 0.0224609375
1 0.1298828125 0.58203125 0.017578125 0.025390625
1 0.0478515625 0.5546875 0.025390625 0.02734375
1 0.0244140625 0.62158203125 0.025390625 0.021484375
1 0.02099609375 0.60205078125 0.0244140625 0.0244140625
1 0.0185546875 0.57177734375 0.02734375 0.0234375
1 0.02099609375 0.5380859375 0.025390625 0.0341796875
1 0.03515625 0.525390625 0.021484375 0.029296875
1 0.06005859375 0.50634765625 0.015625 0.0205078125
1 0.072265625 0.50927734375 0.0234375 0.02734375
1 0.0869140625 0.494140625 0.0234375 0.0224609375
1 0.10498046875 0.482421875 0.017578125 0.0234375
1 0.1240234375 0.4677734375 0.021484375 0.0224609375
1 0.14453125 0.45947265625 0.0234375 0.0244140625
1 0.2265625 0.45263671875 0.0185546875 0.017578125
1 0.22216796875 0.42431640625 0.0185546875 0.01953125
1 0.22802734375 0.4384765625 0.0166015625 0.01953125
1 0.244140625 0.43798828125 0.0205078125 0.0234375
1 0.2587890625 0.39111328125 0.01953125 0.0224609375
1 0.70361328125 0.38720703125 0.021484375 0.029296875
1 0.51318359375 0.083984375 0.015625 0.0283203125
1 0.50634765625 0.06494140625 0.0185546875 0.03125
1 0.4853515625 0.05859375 0.0185546875 0.03125
1 0.484375 0.01904296875 0.021484375 0.0380859375
1 0.4990234375 0.03125 0.01953125 0.03515625
1 0.49267578125 0.150390625 0.0166015625 0.0244140625
1 0.439453125 0.18310546875 0.015625 0.0224609375
1 0.41943359375 0.267578125 0.0146484375 0.0224609375
1 0.4091796875 0.29638671875 0.017578125 0.0263671875
1 0.3974609375 0.27001953125 0.0126953125 0.01953125
1 0.39013671875 0.2548828125 0.0126953125 0.021484375
1 0.35009765625 0.33642578125 0.01171875 0.01953125
1 0.384765625 0.556640625 0.015625 0.01953125
1 0.36181640625 0.30908203125 0.0166015625 0.025390625