0 0.1923828125 0.4345703125 0.04296875 0.037109375
0 0.4541015625 0.345703125 0.0517578125 0.0498046875
0 0.54248046875 0.41943359375 0.0546875 0.056640625
0 0.30908203125 0.56591796875 0.0341796875 0.033203125
0 0.3623046875 0.8583984375 0.0341796875 0.052734375
0 0.423828125 0.794921875 0.03515625 0.048828125
0 0.48876953125 0.71875 0.037109375 0.0458984375
0 0.99560546875 0.255859375 0.0087890625 0.041015625
0 0.88525390625 0.46630859375 0.041015625 0.0400390625
0 0.85986328125 0.5673828125 0.0419921875 0.0390625
0 0.7646484375 0.59765625 0.03515625 0.0341796875
1 0.01904296875 0.49072265625 0.033203125 0.0322265625
1 0.00732421875 0.734375 0.0146484375 0.0390625
1 0.09423828125 0.640625 0.021484375 0.033203125
1 0.162109375 0.7197265625 0.021484375 0.025390625
1 0.2392578125 0.73779296875 0.0224609375 0.0302734375
1 0.236328125 0.8154296875 0.021484375 0.033203125
1 0.20361328125 0.8369140625 0.0166015625 0.0244140625
1 0.1982421875 0.85107421875 0.015625 0.02734375
1 0.14306640625 0.3662109375 0.025390625 0.0302734375
1 0.14794921875 0.314453125 0.0244140625 0.0263671875
1 0.18310546875 0.3310546875 0.0224609375 0.01953125
1 0.19140625 0.3134765625 0.0166015625 0.0185546875
1 0.20166015625 0.31787109375 0.0185546875 0.0263671875
1 0.2783203125 0.0458984375 0.021484375 0.0263671875
1 0.275390625 0.06201171875 0.0205078125 0.0234375
1 0.296875 0.00732421875 0.01953125 0.0146484375
1 0.29052734375 0.1123046875 0.0166015625 0.0283203125
1 0.27783203125 0.12939453125 0.0205078125 0.033203125
1 0.40087890625 0.05712890625 0.015625 0.02734375
1 0.4072265625 0.07666015625 0.0146484375 0.02734375
1 0.45458984375 0.05322265625 0.0146484375 0.0244140625
1 0.453125 0.0859375 0.01953125 0.029296875
1 0.43701171875 0.10546875 0.0185546875 0.03515625
1 0.3994140625 0.15673828125 0.0146484375 0.025390625
1 0.3349609375 0.2861328125 0.0146484375 0.0205078125
1 0.3359375 0.2998046875 0.0146484375 0.01953125
1 0.4521484375 0.26220703125 0.013671875 0.021484375
1 0.462890625 0.24853515625 0.0146484375 0.0224609375
1 0.4716796875 0.2001953125 0.017578125 0.03125
1 0.951171875 0.12255859375 0.0224609375 0.025390625
1 0.9326171875 0.1357421875 0.0224609375 0.0302734375
1 0.94189453125 0.14453125 0.0185546875 0.02734375
1 0.92578125 0.16357421875 0.025390625 0.025390625
1 0.876953125 0.1279296875 0.017578125 0.0263671875
1 0.86572265625 0.1298828125 0.0185546875 0.03125
1 0.85400390625 0.134765625 0.0185546875 0.03125
1 0.8251953125 0.23388671875 0.0126953125 0.01953125
1 0.97021484375 0.3408203125 0.01953125 0.021484375
0 0.7255859375 0.2470703125 0.0390625 0.037109375
1 0.6826171875 0.2392578125 0.01171875 0.0224609375
1 0.87841796875 0.5234375 0.017578125 0.0244140625
1 0.94970703125 0.57177734375 0.0244140625 0.0263671875
1 0.9892578125 0.513671875 0.021484375 0.021484375
1 0.98828125 0.5341796875 0.0234375 0.0234375
1 0.982421875 0.5634765625 0.0263671875 0.0224609375
1 0.970703125 0.59521484375 0.0244140625 0.033203125
1 0.95361328125 0.603515625 0.0205078125 0.0283203125
1 0.9248046875 0.615234375 0.0146484375 0.01953125
1 0.91357421875 0.60888671875 0.0224609375 0.0263671875
1 0.8955078125 0.61962890625 0.0224609375 0.021484375
1 0.87451171875 0.62548828125 0.017578125 0.0224609375
1 0.8525390625 0.634765625 0.0205078125 0.021484375
1 0.83056640625 0.63720703125 0.0224609375 0.0234375
1 0.75 0.62060546875 0.0185546875 0.0166015625
1 0.74609375 0.6494140625 0.017578125 0.01953125
1 0.744140625 0.63427734375 0.015625 0.01953125
1 0.72900390625 0.6298828125 0.01953125 0.0234375
1 0.70166015625 0.67138671875 0.0185546875 0.021484375
1 0.27294921875 0.55224609375 0.0205078125 0.0283203125
1 0.37255859375 0.89599609375 0.0146484375 0.0283203125
1 0.3740234375 0.91650390625 0.017578125 0.0302734375
1 0.39208984375 0.9287109375 0.017578125 0.0302734375
1 0.38134765625 0.96826171875 0.01953125 0.041015625
1 0.37158203125 0.951171875 0.0185546875 0.03515625
1 0.41064453125 0.83837890625 0.0166015625 0.0244140625
1 0.470703125 0.8212890625 0.0146484375 0.0224609375
1 0.51318359375 0.74560546875 0.0146484375 0.0224609375
1 0.53076171875 0.720703125 0.0166015625 0.0263671875
1 0.53515625 0.74951171875 0.0126953125 0.01953125
1 0.5380859375 0.76611328125 0.01171875 0.021484375
1 0.59912109375 0.69873046875 0.0107421875 0.01953125
1 0.62646484375 0.47705078125 0.0146484375 0.01953125
1 0.580078125 0.72119140625 0.015625 0.0244140625