0 0.3466796875 0.36376953125 0.046875 0.04736328125
0 0.46240234375 0.43310546875 0.048828125 0.05078125
0 0.32373046875 0.5986328125 0.0341796875 0.03271484375
0 0.41943359375 0.86767578125 0.02783203125 0.048828125
0 0.46875 0.79638671875 0.0322265625 0.04931640625
0 0.521484375 0.70849609375 0.03076171875 0.0400390625
0 0.76953125 0.53955078125 0.03369140625 0.03125
0 0.8564453125 0.4912109375 0.033203125 0.033203125
0 0.96875 0.32861328125 0.03125 0.03271484375
0 0.8544921875 0.22119140625 0.037109375 0.033203125
0 0.68115234375 0.21142578125 0.03515625 0.029296875
1 0.0546875 0.81787109375 0.0263671875 0.03173828125
1 0.197265625 0.80322265625 0.02392578125 0.03076171875
1 0.12890625 0.71044921875 0.0185546875 0.033203125
1 0.26513671875 0.78564453125 0.01806640625 0.029296875
1 0.263671875 0.8779296875 0.0166015625 0.0263671875
1 0.26171875 0.89306640625 0.01416015625 0.0224609375
1 0.29736328125 0.87548828125 0.01416015625 0.02685546875
1 0.27783203125 0.611328125 0.0185546875 0.0244140625
0 0.19580078125 0.49560546875 0.04248046875 0.02587890625
1 0.14599609375 0.42138671875 0.021484375 0.02490234375
1 0.14453125 0.37548828125 0.0205078125 0.02001953125
1 0.1884765625 0.384765625 0.0166015625 0.0244140625
1 0.17529296875 0.37939453125 0.01513671875 0.02587890625
1 0.1708984375 0.3994140625 0.017578125 0.021484375
1 0.22265625 0.10986328125 0.0185546875 0.0244140625
1 0.234375 0.087890625 0.01708984375 0.0263671875
1 0.2431640625 0.15087890625 0.01708984375 0.033203125
1 0.2265625 0.21484375 0.01806640625 0.02099609375
1 0.32373046875 0.29736328125 0.01123046875 0.01611328125
1 0.32666015625 0.31201171875 0.00830078125 0.0185546875
1 0.37109375 0.20751953125 0.0126953125 0.0283203125
1 0.35986328125 0.095703125 0.0166015625 0.02587890625
1 0.3671875 0.1171875 0.0166015625 0.02783203125
1 0.38916015625 0.07763671875 0.0185546875 0.0224609375
1 0.40234375 0.12158203125 0.01318359375 0.03125
1 0.3916015625 0.14453125 0.0185546875 0.02490234375
1 0.43798828125 0.23828125 0.01123046875 0.0244140625
1 0.43896484375 0.28173828125 0.0166015625 0.021484375
1 0.43115234375 0.29736328125 0.01318359375 0.02001953125
0 0.5 0.34619140625 0.03173828125 0.02978515625
1 0.89208984375 0.044921875 0.01806640625 0.0234375
1 0.876953125 0.0595703125 0.0166015625 0.02978515625
1 0.8623046875 0.091796875 0.02197265625 0.0234375
1 0.92138671875 0.2587890625 0.01708984375 0.021484375
1 0.81005859375 0.06591796875 0.01171875 0.02294921875
1 0.79931640625 0.072265625 0.01416015625 0.0263671875
1 0.7880859375 0.080078125 0.009765625 0.0283203125
1 0.775390625 0.177734375 0.01025390625 0.01806640625
1 0.99169921875 0.4052734375 0.0166015625 0.017578125
1 0.98046875 0.4521484375 0.0205078125 0.013671875
1 0.9736328125 0.46142578125 0.0234375 0.0146484375
1 0.982421875 0.47314453125 0.02978515625 0.017578125
1 0.9931640625 0.46044921875 0.0107421875 0.01953125
1 0.9443359375 0.478515625 0.0224609375 0.01953125
1 0.95166015625 0.5087890625 0.0166015625 0.021484375
1 0.9677734375 0.49462890625 0.0185546875 0.0244140625
1 0.8623046875 0.423828125 0.02001953125 0.01611328125
1 0.92578125 0.52490234375 0.0107421875 0.01611328125
1 0.9130859375 0.521484375 0.01708984375 0.02587890625
1 0.8974609375 0.533203125 0.0166015625 0.021484375
1 0.8759765625 0.5400390625 0.0166015625 0.01953125
1 0.85888671875 0.55517578125 0.017578125 0.017578125
1 0.8369140625 0.5615234375 0.0205078125 0.02001953125
1 0.7431640625 0.5703125 0.01904296875 0.01806640625
1 0.7470703125 0.5986328125 0.0107421875 0.0166015625
1 0.7392578125 0.5869140625 0.0126953125 0.02099609375
1 0.72900390625 0.58544921875 0.015625 0.02099609375
1 0.73486328125 0.6162109375 0.0146484375 0.021484375
1 0.6201171875 0.4501953125 0.0107421875 0.0166015625
1 0.61083984375 0.6748046875 0.009765625 0.0146484375
1 0.6083984375 0.69287109375 0.01416015625 0.0234375
1 0.578125 0.685546875 0.0146484375 0.01953125
1 0.580078125 0.705078125 0.01318359375 0.02099609375
1 0.58251953125 0.7177734375 0.01123046875 0.01611328125
1 0.5595703125 0.70849609375 0.01171875 0.02294921875
1 0.52685546875 0.783203125 0.013671875 0.02978515625
1 0.462890625 0.8388671875 0.0146484375 0.02099609375
1 0.46630859375 0.90625 0.0146484375 0.03125
1 0.44580078125 0.9306640625 0.01318359375 0.0234375
1 0.458984375 0.951171875 0.01708984375 0.041015625
1 0.4287109375 0.93603515625 0.0126953125 0.0263671875
1 0.42236328125 0.9130859375 0.01025390625 0.0263671875
1 0.037109375 0.6005859375 0.02783203125 0.029296875