0 0.35400390625 0.35595703125 0.048828125 0.0498046875
0 0.4658203125 0.43115234375 0.0517578125 0.0537109375
0 0.31884765625 0.58935546875 0.0361328125 0.0341796875
0 0.400390625 0.86279296875 0.0302734375 0.0498046875
0 0.453125 0.79443359375 0.03515625 0.05078125
0 0.5107421875 0.70947265625 0.033203125 0.0419921875
0 0.76708984375 0.5537109375 0.03515625 0.033203125
0 0.8564453125 0.509765625 0.03515625 0.03515625
0 0.97705078125 0.353515625 0.033203125 0.0341796875
0 0.86865234375 0.240234375 0.0390625 0.03515625
0 0.69580078125 0.22119140625 0.037109375 0.03125
1 0.03857421875 0.7939453125 0.0283203125 0.033203125
1 0.181640625 0.787109375 0.025390625 0.0322265625
1 0.1181640625 0.69091796875 0.0205078125 0.0341796875
1 0.25048828125 0.77294921875 0.01953125 0.0302734375
1 0.244140625 0.865234375 0.017578125 0.02734375
1 0.24169921875 0.8798828125 0.015625 0.0234375
1 0.27783203125 0.8642578125 0.015625 0.02734375
1 0.2724609375 0.599609375 0.01953125 0.025390625
0 0.1962890625 0.4794921875 0.0439453125 0.0283203125
1 0.150390625 0.40283203125 0.0224609375 0.0263671875
1 0.1513671875 0.35693359375 0.021484375 0.021484375
1 0.19482421875 0.36865234375 0.017578125 0.025390625
1 0.18212890625 0.36279296875 0.0166015625 0.0263671875
1 0.1767578125 0.38232421875 0.0185546875 0.0224609375
1 0.24365234375 0.095703125 0.01953125 0.025390625
1 0.25634765625 0.07470703125 0.0185546875 0.02734375
1 0.26171875 0.1376953125 0.0185546875 0.0341796875
1 0.24169921875 0.20068359375 0.01953125 0.021484375
1 0.33447265625 0.28857421875 0.01171875 0.0166015625
1 0.3369140625 0.30322265625 0.0087890625 0.0185546875
1 0.38671875 0.201171875 0.013671875 0.029296875
1 0.38134765625 0.0888671875 0.017578125 0.0263671875
1 0.38720703125 0.11083984375 0.017578125 0.0283203125
1 0.41162109375 0.072265625 0.01953125 0.0234375
1 0.42236328125 0.1171875 0.0146484375 0.0322265625
1 0.41015625 0.13916015625 0.01953125 0.025390625
1 0.45166015625 0.2353515625 0.0126953125 0.025390625
1 0.45068359375 0.27880859375 0.017578125 0.0224609375
1 0.44189453125 0.2939453125 0.0146484375 0.0205078125
0 0.5078125 0.34619140625 0.033203125 0.03125
1 0.91552734375 0.06591796875 0.01953125 0.0244140625
1 0.8994140625 0.080078125 0.0185546875 0.0302734375
1 0.88330078125 0.111328125 0.0234375 0.0244140625
1 0.93359375 0.28125 0.0185546875 0.0224609375
1 0.83251953125 0.08251953125 0.0126953125 0.0234375
1 0.8212890625 0.08837890625 0.015625 0.02734375
1 0.8095703125 0.095703125 0.01171875 0.0283203125
1 0.7919921875 0.1923828125 0.0107421875 0.0185546875
1 0.99365234375 0.43115234375 0.0126953125 0.0185546875
1 0.982421875 0.4775390625 0.021484375 0.0146484375
1 0.97509765625 0.486328125 0.0244140625 0.015625
1 0.9833984375 0.49853515625 0.0302734375 0.01953125
1 0.994140625 0.48583984375 0.01171875 0.0205078125
1 0.94482421875 0.501953125 0.0234375 0.0205078125
1 0.95068359375 0.5322265625 0.017578125 0.0224609375
1 0.96728515625 0.51904296875 0.01953125 0.025390625
1 0.86572265625 0.44287109375 0.0205078125 0.017578125
1 0.923828125 0.54736328125 0.01171875 0.0166015625
1 0.91162109375 0.54296875 0.0185546875 0.0263671875
1 0.89501953125 0.55419921875 0.017578125 0.0224609375
1 0.87353515625 0.5595703125 0.017578125 0.0205078125
1 0.85546875 0.57373046875 0.0185546875 0.0185546875
1 0.8330078125 0.5791015625 0.021484375 0.021484375
1 0.7392578125 0.5830078125 0.01953125 0.0185546875
1 0.74169921875 0.611328125 0.01171875 0.017578125
1 0.734375 0.59912109375 0.013671875 0.021484375
1 0.72412109375 0.59716796875 0.0166015625 0.021484375
1 0.728515625 0.62841796875 0.015625 0.0224609375
1 0.62255859375 0.45654296875 0.01171875 0.017578125
1 0.6015625 0.68017578125 0.0107421875 0.015625
1 0.59814453125 0.6982421875 0.015625 0.0244140625
1 0.568359375 0.689453125 0.015625 0.0205078125
1 0.5693359375 0.708984375 0.0146484375 0.021484375
1 0.57080078125 0.7216796875 0.01171875 0.0166015625
1 0.54833984375 0.71142578125 0.0126953125 0.0234375
1 0.51220703125 0.7841796875 0.015625 0.0302734375
1 0.4453125 0.83642578125 0.015625 0.021484375
1 0.4453125 0.90380859375 0.0166015625 0.0322265625
1 0.42333984375 0.92724609375 0.0146484375 0.0244140625
1 0.435546875 0.9482421875 0.01953125 0.0419921875
1 0.40576171875 0.931640625 0.013671875 0.02734375
1 0.40087890625 0.90869140625 0.01171875 0.02734375
1 0.03271484375 0.576171875 0.029296875 0.0302734375