0 0.61865234375 0.6669921875 0.056640625 0.056640625
0 0.521484375 0.57373046875 0.05859375 0.060546875
0 0.69384765625 0.443359375 0.041015625 0.0400390625
0 0.6611328125 0.15966796875 0.0380859375 0.0537109375
0 0.59716796875 0.21826171875 0.04296875 0.0556640625
0 0.52587890625 0.2919921875 0.0390625 0.0458984375
0 0.24609375 0.40087890625 0.0400390625 0.0380859375
0 0.15087890625 0.42822265625 0.0400390625 0.0400390625
0 0.01171875 0.5615234375 0.0234375 0.0390625
0 0.091796875 0.69189453125 0.0439453125 0.041015625
0 0.2587890625 0.740234375 0.041015625 0.0361328125
1 0.994140625 0.2900390625 0.01171875 0.037109375
1 0.86328125 0.2724609375 0.0302734375 0.03515625
1 0.90869140625 0.37841796875 0.025390625 0.0361328125
1 0.79296875 0.2744140625 0.0244140625 0.0322265625
1 0.8154296875 0.18505859375 0.0224609375 0.029296875
1 0.82080078125 0.17041015625 0.0185546875 0.025390625
1 0.78173828125 0.1796875 0.01953125 0.029296875
1 0.74169921875 0.44140625 0.0234375 0.0283203125
0 0.79541015625 0.57275390625 0.046875 0.03515625
1 0.8271484375 0.65625 0.0263671875 0.029296875
1 0.818359375 0.701171875 0.0244140625 0.0244140625
1 0.77783203125 0.68212890625 0.021484375 0.02734375
1 0.7890625 0.6904296875 0.0205078125 0.0283203125
1 0.7978515625 0.671875 0.021484375 0.0244140625
1 0.6826171875 0.9423828125 0.0234375 0.0283203125
1 0.666015625 0.96142578125 0.0224609375 0.029296875
1 0.671875 0.89794921875 0.0244140625 0.0361328125
1 0.7021484375 0.83935546875 0.0224609375 0.0244140625
1 0.6259765625 0.7373046875 0.0146484375 0.0185546875
1 0.62646484375 0.72216796875 0.0126953125 0.01953125
1 0.5595703125 0.81396484375 0.0185546875 0.0302734375
1 0.54541015625 0.92529296875 0.0224609375 0.029296875
1 0.54345703125 0.90283203125 0.0224609375 0.03125
1 0.51318359375 0.9365234375 0.0234375 0.0263671875
1 0.51025390625 0.890625 0.01953125 0.033203125
1 0.52587890625 0.87060546875 0.0234375 0.0283203125
1 0.50146484375 0.76904296875 0.0166015625 0.0263671875
1 0.51025390625 0.7265625 0.021484375 0.0244140625
1 0.521484375 0.712890625 0.017578125 0.0224609375
0 0.46533203125 0.64990234375 0.0380859375 0.0361328125
1 0.015625 0.85498046875 0.0224609375 0.02734375
1 0.03369140625 0.84423828125 0.0224609375 0.033203125
1 0.05517578125 0.81640625 0.0263671875 0.02734375
1 0.03515625 0.64013671875 0.021484375 0.0244140625
1 0.10009765625 0.85302734375 0.0166015625 0.025390625
1 0.1123046875 0.849609375 0.01953125 0.029296875
1 0.125 0.84423828125 0.015625 0.0302734375
1 0.1591796875 0.751953125 0.013671875 0.01953125
1 0.0048828125 0.48193359375 0.009765625 0.0205078125
1 0.02099609375 0.4384765625 0.0234375 0.017578125
1 0.02978515625 0.43115234375 0.0263671875 0.01953125
1 0.02392578125 0.41748046875 0.033203125 0.0234375
1 0.0107421875 0.427734375 0.0146484375 0.021484375
1 0.06201171875 0.4208984375 0.0263671875 0.0244140625
1 0.06201171875 0.3896484375 0.021484375 0.0244140625
1 0.04296875 0.39990234375 0.0234375 0.0283203125
1 0.1298828125 0.49267578125 0.0234375 0.0205078125
1 0.0908203125 0.3798828125 0.013671875 0.0185546875
1 0.1025390625 0.38623046875 0.0224609375 0.029296875
1 0.1201171875 0.37841796875 0.021484375 0.0244140625
1 0.142578125 0.37646484375 0.0205078125 0.0224609375
1 0.16259765625 0.36572265625 0.021484375 0.021484375
1 0.185546875 0.3642578125 0.0244140625 0.0244140625
1 0.27880859375 0.376953125 0.0224609375 0.021484375
1 0.28125 0.34814453125 0.0146484375 0.0185546875
1 0.28662109375 0.361328125 0.017578125 0.0234375
1 0.2958984375 0.365234375 0.01953125 0.0244140625
1 0.29736328125 0.333984375 0.01953125 0.0244140625
1 0.37158203125 0.521484375 0.0146484375 0.0185546875
1 0.43115234375 0.3046875 0.0126953125 0.0166015625
1 0.43798828125 0.28759765625 0.01953125 0.0263671875
1 0.4658203125 0.3017578125 0.0185546875 0.0224609375
1 0.46826171875 0.2822265625 0.017578125 0.0234375
1 0.46875 0.26904296875 0.0146484375 0.0185546875
1 0.48876953125 0.283203125 0.0166015625 0.025390625
1 0.53759765625 0.2177734375 0.0205078125 0.0322265625
1 0.6123046875 0.17822265625 0.0185546875 0.0234375
1 0.6240234375 0.11181640625 0.021484375 0.0341796875
1 0.64990234375 0.0927734375 0.0185546875 0.025390625
1 0.6416015625 0.06982421875 0.025390625 0.0439453125
1 0.66748046875 0.09130859375 0.0185546875 0.0283203125
1 0.66845703125 0.11474609375 0.015625 0.0283203125
1 0.9736328125 0.50634765625 0.0341796875 0.03515625