0 0.32470703125 0.9609375 0.02978515625 0.0478515625
0 0.43115234375 0.8623046875 0.02392578125 0.04638671875
0 0.47802734375 0.78662109375 0.0263671875 0.044921875
0 0.52734375 0.7001953125 0.0322265625 0.041015625
0 0.33251953125 0.60791015625 0.03125 0.0361328125
0 0.3974609375 0.4609375 0.04736328125 0.0498046875
0 0.2626953125 0.359375 0.0458984375 0.05126953125
0 0.20263671875 0.51708984375 0.0361328125 0.02783203125
0 0.404296875 0.36572265625 0.03173828125 0.0283203125
0 0.6689453125 0.201171875 0.0322265625 0.033203125
0 0.73876953125 0.2568359375 0.033203125 0.03076171875
0 0.84619140625 0.4599609375 0.03466796875 0.03564453125
0 0.76220703125 0.51416015625 0.0283203125 0.03076171875
1 0.078125 0.84326171875 0.0263671875 0.0361328125
1 0.05859375 0.66015625 0.02587890625 0.03173828125
1 0.2021484375 0.84326171875 0.01904296875 0.02490234375
1 0.1435546875 0.7314453125 0.0185546875 0.03564453125
1 0.26123046875 0.80224609375 0.025390625 0.03466796875
1 0.2802734375 0.880859375 0.01904296875 0.02587890625
1 0.27587890625 0.9013671875 0.01416015625 0.02294921875
1 0.3203125 0.8974609375 0.017578125 0.029296875
1 0.42578125 0.9150390625 0.013671875 0.029296875
1 0.42919921875 0.9384765625 0.01513671875 0.029296875
1 0.462890625 0.89208984375 0.013671875 0.03564453125
1 0.4775390625 0.921875 0.0146484375 0.03173828125
1 0.48486328125 0.876953125 0.013671875 0.03076171875
1 0.4736328125 0.83349609375 0.01220703125 0.02783203125
1 0.271484375 0.6435546875 0.01953125 0.02783203125
1 0.15673828125 0.3984375 0.017578125 0.02685546875
1 0.19384765625 0.4111328125 0.01513671875 0.02294921875
1 0.181640625 0.40380859375 0.0146484375 0.01953125
1 0.177734375 0.4267578125 0.02001953125 0.0224609375
1 0.15625 0.43212890625 0.0185546875 0.02685546875
1 0.21923828125 0.271484375 0.01953125 0.0283203125
1 0.21875 0.1376953125 0.0126953125 0.0244140625
1 0.2451171875 0.15234375 0.0185546875 0.02978515625
1 0.232421875 0.14990234375 0.01171875 0.0400390625
1 0.39013671875 0.0986328125 0.0146484375 0.0263671875
1 0.3662109375 0.1171875 0.0146484375 0.0146484375
1 0.3720703125 0.1357421875 0.0126953125 0.0244140625
1 0.40283203125 0.14013671875 0.01513671875 0.02587890625
1 0.39453125 0.1650390625 0.01171875 0.02587890625
1 0.3828125 0.23486328125 0.0126953125 0.0283203125
1 0.44482421875 0.2744140625 0.0166015625 0.02685546875
1 0.43701171875 0.318359375 0.01171875 0.02099609375
1 0.4423828125 0.30419921875 0.0126953125 0.01513671875
1 0.3369140625 0.2900390625 0.01611328125 0.0224609375
1 0.3408203125 0.3076171875 0.0146484375 0.0224609375
1 0.544921875 0.744140625 0.0126953125 0.0224609375
1 0.5771484375 0.68017578125 0.0146484375 0.02685546875
1 0.59521484375 0.6533203125 0.0166015625 0.01953125
1 0.59521484375 0.68212890625 0.01220703125 0.0126953125
1 0.5947265625 0.77099609375 0.01171875 0.02587890625
1 0.6103515625 0.67626953125 0.0166015625 0.01953125
1 0.5947265625 0.6689453125 0.0146484375 0.0185546875
1 0.7626953125 0.16845703125 0.00927734375 0.02099609375
1 0.89306640625 0.23388671875 0.0166015625 0.0185546875
1 0.84326171875 0.37060546875 0.01318359375 0.02099609375
1 0.8427734375 0.0712890625 0.021484375 0.0224609375
1 0.86474609375 0.03369140625 0.01806640625 0.03271484375
1 0.8837890625 0.021484375 0.01708984375 0.03076171875
1 0.79052734375 0.052734375 0.01123046875 0.02685546875
1 0.78125 0.0595703125 0.0126953125 0.02587890625
1 0.77001953125 0.06689453125 0.0146484375 0.0283203125
1 0.98974609375 0.357421875 0.0205078125 0.02099609375
1 0.9658203125 0.4140625 0.0185546875 0.017578125
1 0.9794921875 0.419921875 0.0166015625 0.0224609375
1 0.970703125 0.4345703125 0.03125 0.02294921875
1 0.95849609375 0.4248046875 0.0185546875 0.01806640625
1 0.955078125 0.4560546875 0.01953125 0.02490234375
1 0.93017578125 0.4423828125 0.0205078125 0.01953125
1 0.93994140625 0.47216796875 0.01904296875 0.02099609375
1 0.9150390625 0.48876953125 0.0107421875 0.02099609375
1 0.9013671875 0.486328125 0.01708984375 0.0263671875
1 0.89013671875 0.50048828125 0.0234375 0.02099609375
1 0.861328125 0.49365234375 0.015625 0.0185546875
1 0.85107421875 0.52587890625 0.0166015625 0.0185546875
1 0.8310546875 0.53515625 0.0205078125 0.02099609375
1 0.74658203125 0.5849609375 0.0166015625 0.0166015625
1 0.72607421875 0.560546875 0.0146484375 0.0166015625
1 0.73046875 0.58154296875 0.0087890625 0.01806640625
1 0.720703125 0.57763671875 0.01220703125 0.0234375
1 0.70703125 0.57177734375 0.0146484375 0.02099609375