0 0.78857421875 0.10009765625 0.041015625 0.0537109375
0 0.66015625 0.16796875 0.03515625 0.05078125
0 0.59521484375 0.22900390625 0.037109375 0.0498046875
0 0.525390625 0.29931640625 0.0419921875 0.0478515625
0 0.68994140625 0.43896484375 0.0390625 0.04296875
0 0.5888671875 0.564453125 0.05859375 0.060546875
0 0.69287109375 0.697265625 0.0576171875 0.0615234375
0 0.79150390625 0.560546875 0.0419921875 0.0361328125
0 0.5576171875 0.654296875 0.0380859375 0.03515625
0 0.25927734375 0.7451171875 0.0400390625 0.0400390625
0 0.20654296875 0.6728515625 0.0400390625 0.0380859375
0 0.1552734375 0.44921875 0.04296875 0.04296875
0 0.25048828125 0.41845703125 0.03515625 0.037109375
1 0.9892578125 0.27783203125 0.021484375 0.0419921875
1 0.9677734375 0.45947265625 0.033203125 0.037109375
1 0.87646484375 0.24560546875 0.0244140625 0.029296875
1 0.904296875 0.36865234375 0.02734375 0.0390625
1 0.80908203125 0.27001953125 0.033203125 0.0400390625
1 0.81103515625 0.18896484375 0.025390625 0.0302734375
1 0.8203125 0.17041015625 0.01953125 0.025390625
1 0.7763671875 0.16259765625 0.0244140625 0.033203125
1 0.67919921875 0.1181640625 0.0205078125 0.0322265625
1 0.681640625 0.0947265625 0.0224609375 0.0322265625
1 0.63720703125 0.130859375 0.0224609375 0.0380859375
1 0.630859375 0.09814453125 0.0224609375 0.0341796875
1 0.6123046875 0.1396484375 0.021484375 0.033203125
1 0.61181640625 0.1845703125 0.0185546875 0.0302734375
1 0.7578125 0.42041015625 0.0263671875 0.0322265625
1 0.80517578125 0.68701171875 0.0244140625 0.0302734375
1 0.77294921875 0.6650390625 0.0205078125 0.0263671875
1 0.78271484375 0.67529296875 0.01953125 0.0224609375
1 0.79248046875 0.654296875 0.025390625 0.02734375
1 0.814453125 0.654296875 0.0244140625 0.0302734375
1 0.7119140625 0.79345703125 0.0263671875 0.0322265625
1 0.677734375 0.9228515625 0.0185546875 0.02734375
1 0.65625 0.90185546875 0.025390625 0.033203125
1 0.66796875 0.9072265625 0.021484375 0.0419921875
1 0.50244140625 0.916015625 0.0205078125 0.029296875
1 0.5302734375 0.904296875 0.017578125 0.017578125
1 0.529296875 0.884765625 0.0185546875 0.02734375
1 0.50048828125 0.87255859375 0.021484375 0.029296875
1 0.51513671875 0.85107421875 0.017578125 0.0283203125
1 0.54443359375 0.78662109375 0.01953125 0.0302734375
1 0.4951171875 0.732421875 0.0234375 0.0302734375
1 0.513671875 0.69189453125 0.0166015625 0.0234375
1 0.5048828125 0.7041015625 0.0166015625 0.017578125
1 0.60302734375 0.7451171875 0.021484375 0.025390625
1 0.60400390625 0.72705078125 0.01953125 0.025390625
1 0.52001953125 0.25244140625 0.0185546875 0.025390625
1 0.47216796875 0.30615234375 0.021484375 0.029296875
1 0.44775390625 0.3271484375 0.021484375 0.0234375
1 0.455078125 0.29931640625 0.0146484375 0.015625
1 0.478515625 0.2138671875 0.017578125 0.0283203125
1 0.43896484375 0.30126953125 0.021484375 0.0234375
1 0.4521484375 0.3125 0.0185546875 0.021484375
1 0.16064453125 0.75244140625 0.0146484375 0.0224609375
1 0.05126953125 0.6552734375 0.0205078125 0.0224609375
1 0.134765625 0.5361328125 0.0185546875 0.0234375
1 0.05810546875 0.8251953125 0.0263671875 0.02734375
1 0.02685546875 0.85595703125 0.0263671875 0.0361328125
1 0.0087890625 0.86279296875 0.017578125 0.0341796875
1 0.103515625 0.85693359375 0.017578125 0.029296875
1 0.1142578125 0.8525390625 0.0185546875 0.0283203125
1 0.126953125 0.8486328125 0.021484375 0.03125
1 0.02783203125 0.46240234375 0.0224609375 0.021484375
1 0.01611328125 0.453125 0.021484375 0.0263671875
1 0.0283203125 0.44140625 0.0361328125 0.0302734375
1 0.03759765625 0.4541015625 0.0224609375 0.0224609375
1 0.048828125 0.4248046875 0.025390625 0.029296875
1 0.0693359375 0.4443359375 0.0244140625 0.0244140625
1 0.06787109375 0.4130859375 0.0234375 0.025390625
1 0.09619140625 0.4033203125 0.015625 0.0234375
1 0.10888671875 0.4091796875 0.0234375 0.0302734375
1 0.123046875 0.3984375 0.0283203125 0.0263671875
1 0.1494140625 0.41259765625 0.01953125 0.021484375
1 0.16748046875 0.38427734375 0.0205078125 0.0224609375
1 0.189453125 0.38037109375 0.025390625 0.025390625
1 0.28369140625 0.35400390625 0.0205078125 0.0205078125
1 0.29736328125 0.3828125 0.0185546875 0.01953125
1 0.29833984375 0.36181640625 0.0126953125 0.01953125
1 0.30712890625 0.36767578125 0.017578125 0.025390625
1 0.318359375 0.376953125 0.01953125 0.0244140625