0 0.30859375 0.04541015625 0.03125 0.048828125
0 0.41845703125 0.14013671875 0.025390625 0.046875
0 0.46826171875 0.21435546875 0.0283203125 0.0458984375
0 0.5205078125 0.298828125 0.033203125 0.0419921875
0 0.32861328125 0.39794921875 0.0322265625 0.037109375
0 0.39892578125 0.54248046875 0.048828125 0.0517578125
0 0.267578125 0.64892578125 0.0478515625 0.052734375
0 0.2021484375 0.4931640625 0.037109375 0.029296875
0 0.4091796875 0.6376953125 0.0322265625 0.029296875
0 0.67919921875 0.79296875 0.033203125 0.0341796875
0 0.7470703125 0.73486328125 0.0341796875 0.0322265625
0 0.84716796875 0.52783203125 0.0361328125 0.037109375
0 0.76171875 0.4765625 0.029296875 0.03125
1 0.06640625 0.171875 0.02734375 0.037109375
1 0.05322265625 0.35546875 0.02734375 0.0322265625
1 0.1904296875 0.16748046875 0.01953125 0.025390625
1 0.1357421875 0.28125 0.01953125 0.0361328125
1 0.2509765625 0.2060546875 0.0263671875 0.03515625
1 0.26708984375 0.126953125 0.01953125 0.0263671875
1 0.26220703125 0.10693359375 0.0146484375 0.0234375
1 0.306640625 0.10888671875 0.0185546875 0.0302734375
1 0.4111328125 0.087890625 0.0146484375 0.029296875
1 0.4140625 0.064453125 0.0166015625 0.0302734375
1 0.44921875 0.109375 0.0146484375 0.0361328125
1 0.462890625 0.0791015625 0.015625 0.0322265625
1 0.4716796875 0.1240234375 0.0146484375 0.03125
1 0.4619140625 0.16748046875 0.0126953125 0.0283203125
1 0.2666015625 0.36474609375 0.0205078125 0.0283203125
1 0.16064453125 0.61328125 0.0185546875 0.02734375
1 0.197265625 0.599609375 0.015625 0.0234375
1 0.18505859375 0.607421875 0.015625 0.0205078125
1 0.1806640625 0.58447265625 0.0205078125 0.0234375
1 0.15869140625 0.57958984375 0.01953125 0.02734375
1 0.2275390625 0.73828125 0.0205078125 0.029296875
1 0.2314453125 0.8720703125 0.013671875 0.0244140625
1 0.25732421875 0.8564453125 0.01953125 0.0302734375
1 0.24462890625 0.859375 0.0126953125 0.0400390625
1 0.404296875 0.90478515625 0.015625 0.02734375
1 0.3798828125 0.88720703125 0.015625 0.015625
1 0.384765625 0.86865234375 0.013671875 0.0244140625
1 0.41552734375 0.86279296875 0.015625 0.0263671875
1 0.40625 0.83837890625 0.0126953125 0.0263671875
1 0.39208984375 0.76904296875 0.013671875 0.0283203125
1 0.45263671875 0.7275390625 0.017578125 0.02734375
1 0.443359375 0.68359375 0.0126953125 0.021484375
1 0.44921875 0.69775390625 0.013671875 0.015625
1 0.34423828125 0.71533203125 0.0166015625 0.0234375
1 0.34765625 0.69775390625 0.015625 0.0234375
1 0.5361328125 0.25439453125 0.013671875 0.0224609375
1 0.57080078125 0.3173828125 0.015625 0.02734375
1 0.58984375 0.34326171875 0.017578125 0.0205078125
1 0.5888671875 0.314453125 0.0126953125 0.0126953125
1 0.58544921875 0.22607421875 0.0126953125 0.0263671875
1 0.60400390625 0.31982421875 0.017578125 0.0205078125
1 0.5888671875 0.32763671875 0.015625 0.01953125
1 0.77392578125 0.822265625 0.009765625 0.021484375
1 0.90234375 0.75244140625 0.017578125 0.01953125
1 0.84765625 0.6171875 0.013671875 0.021484375
1 0.857421875 0.91650390625 0.0224609375 0.0234375
1 0.880859375 0.953125 0.01953125 0.033203125
1 0.900390625 0.96484375 0.0185546875 0.03125
1 0.80615234375 0.93701171875 0.01171875 0.02734375
1 0.79638671875 0.93017578125 0.013671875 0.0263671875
1 0.78515625 0.92333984375 0.015625 0.029296875
1 0.99169921875 0.625 0.0166015625 0.021484375
1 0.96875 0.56982421875 0.01953125 0.0185546875
1 0.98193359375 0.5634765625 0.017578125 0.0234375
1 0.97265625 0.548828125 0.0322265625 0.0244140625
1 0.9609375 0.55908203125 0.01953125 0.0185546875
1 0.95654296875 0.52783203125 0.0205078125 0.025390625
1 0.93212890625 0.54248046875 0.021484375 0.0205078125
1 0.9404296875 0.5126953125 0.01953125 0.021484375
1 0.9150390625 0.49658203125 0.01171875 0.021484375
1 0.9013671875 0.49951171875 0.017578125 0.02734375
1 0.8896484375 0.48583984375 0.0244140625 0.021484375
1 0.861328125 0.49365234375 0.0166015625 0.01953125
1 0.85009765625 0.4619140625 0.017578125 0.01953125
1 0.82958984375 0.453125 0.021484375 0.021484375
1 0.74365234375 0.40625 0.017578125 0.017578125
1 0.7236328125 0.431640625 0.015625 0.017578125
1 0.7275390625 0.41064453125 0.009765625 0.0185546875
1 0.7177734375 0.41455078125 0.0126953125 0.0234375
1 0.70458984375 0.4208984375 0.015625 0.021484375