0 0.29931640625 0.5400390625 0.04736328125 0.052734375
0 0.34765625 0.61865234375 0.02978515625 0.0361328125
0 0.0166015625 0.90966796875 0.02978515625 0.0693359375
0 0.453125 0.84375 0.0234375 0.052734375
0 0.4931640625 0.7666015625 0.02587890625 0.04931640625
0 0.53515625 0.6796875 0.02783203125 0.04443359375
0 0.5498046875 0.58935546875 0.0283203125 0.04296875
0 0.5537109375 0.3349609375 0.0322265625 0.0361328125
0 0.2412109375 0.37939453125 0.03173828125 0.03271484375
0 0.22119140625 0.55859375 0.03662109375 0.03173828125
0 0.646484375 0.1865234375 0.02978515625 0.03564453125
0 0.8271484375 0.40087890625 0.0283203125 0.033203125
0 0.75048828125 0.4658203125 0.0283203125 0.03125
1 0.017578125 0.96044921875 0.02294921875 0.03271484375
1 0.1220703125 0.87939453125 0.01953125 0.0380859375
1 0.099609375 0.75830078125 0.01953125 0.03271484375
1 0.17333984375 0.44189453125 0.0185546875 0.01806640625
1 0.2080078125 0.4560546875 0.01611328125 0.02099609375
1 0.193359375 0.45751953125 0.01123046875 0.0185546875
1 0.1923828125 0.47314453125 0.01416015625 0.02001953125
1 0.177734375 0.4697265625 0.0166015625 0.0224609375
1 0.2138671875 0.34130859375 0.01611328125 0.021484375
1 0.2353515625 0.25439453125 0.01611328125 0.0263671875
1 0.2197265625 0.1982421875 0.01904296875 0.0283203125
1 0.2392578125 0.15869140625 0.0166015625 0.0234375
1 0.3994140625 0.12939453125 0.0146484375 0.02587890625
1 0.3876953125 0.1494140625 0.0146484375 0.021484375
1 0.392578125 0.16650390625 0.01513671875 0.01953125
1 0.40673828125 0.1845703125 0.013671875 0.0244140625
1 0.400390625 0.2001953125 0.0126953125 0.02978515625
1 0.365234375 0.29248046875 0.01123046875 0.01806640625
1 0.40478515625 0.2763671875 0.0126953125 0.0224609375
1 0.4560546875 0.3173828125 0.013671875 0.01953125
1 0.4609375 0.3427734375 0.0126953125 0.02099609375
1 0.4482421875 0.3486328125 0.01171875 0.01318359375
1 0.2802734375 0.69189453125 0.01513671875 0.0244140625
1 0.1767578125 0.76953125 0.017578125 0.029296875
1 0.25830078125 0.841796875 0.017578125 0.03125
1 0.21533203125 0.91455078125 0.01611328125 0.03076171875
1 0.31201171875 0.888671875 0.013671875 0.0263671875
1 0.30908203125 0.908203125 0.01171875 0.0185546875
1 0.369140625 0.943359375 0.01220703125 0.029296875
1 0.44970703125 0.9853515625 0.01123046875 0.02783203125
1 0.4365234375 0.9462890625 0.01025390625 0.02783203125
1 0.43701171875 0.921875 0.0107421875 0.0224609375
1 0.5029296875 0.8388671875 0.017578125 0.03271484375
1 0.517578125 0.80712890625 0.0126953125 0.02490234375
1 0.4912109375 0.81103515625 0.0107421875 0.01953125
1 0.5966796875 0.98974609375 0.0107421875 0.02001953125
1 0.6015625 0.97802734375 0.0146484375 0.02587890625
1 0.6171875 0.94775390625 0.0126953125 0.0283203125
1 0.57421875 0.6708984375 0.0107421875 0.017578125
1 0.60205078125 0.623046875 0.01123046875 0.017578125
1 0.6181640625 0.61474609375 0.0107421875 0.0185546875
1 0.6337890625 0.603515625 0.009765625 0.0185546875
1 0.6259765625 0.62548828125 0.0087890625 0.017578125
1 0.61572265625 0.64501953125 0.01123046875 0.02001953125
1 0.66943359375 0.55517578125 0.0107421875 0.01806640625
1 0.689453125 0.5380859375 0.0126953125 0.017578125
1 0.69775390625 0.55224609375 0.01220703125 0.01513671875
1 0.68798828125 0.5498046875 0.01171875 0.0146484375
1 0.763671875 0.5126953125 0.01611328125 0.01611328125
1 0.814453125 0.4755859375 0.01708984375 0.017578125
1 0.82666015625 0.44677734375 0.0126953125 0.01318359375
1 0.8662109375 0.4287109375 0.0126953125 0.0185546875
1 0.8818359375 0.4189453125 0.01318359375 0.0224609375
1 0.8935546875 0.41845703125 0.009765625 0.01513671875
1 0.90625 0.37060546875 0.01806640625 0.02001953125
1 0.91552734375 0.39892578125 0.0166015625 0.0166015625
1 0.9296875 0.3828125 0.013671875 0.01953125
1 0.94580078125 0.376953125 0.0166015625 0.01953125
1 0.9423828125 0.359375 0.02294921875 0.0224609375
1 0.9501953125 0.34423828125 0.01171875 0.017578125
1 0.9384765625 0.3408203125 0.0185546875 0.01318359375
1 0.931640625 0.3515625 0.02001953125 0.01611328125
1 0.95654296875 0.3076171875 0.01513671875 0.0224609375
1 0.83349609375 0.1962890625 0.0146484375 0.0224609375
1 0.80517578125 0.27880859375 0.015625 0.0185546875
1 0.74365234375 0.18212890625 0.0087890625 0.01513671875
1 0.986328125 0.26123046875 0.0185546875 0.01513671875
1 0.99072265625 0.28125 0.0185546875 0.0224609375
1 0.8037109375 0.0341796875 0.0205078125 0.0234375
1 0.75439453125 0.0244140625 0.01171875 0.029296875
1 0.74560546875 0.03173828125 0.009765625 0.02490234375
1 0.7353515625 0.04150390625 0.0107421875 0.02587890625
1 0.630859375 0.18310546875 0.0107421875 0.02294921875
1 0.3994140625 0.0205078125 0.013671875 0.03125