0 0.69189453125 0.42919921875 0.0546875 0.0595703125
0 0.6318359375 0.35888671875 0.03515625 0.0400390625
0 0.91357421875 0.02783203125 0.0400390625 0.0556640625
0 0.49267578125 0.1533203125 0.03125 0.0556640625
0 0.46484375 0.23583984375 0.033203125 0.052734375
0 0.43701171875 0.328125 0.0341796875 0.0478515625
0 0.43701171875 0.41943359375 0.03515625 0.046875
0 0.47265625 0.67138671875 0.037109375 0.041015625
0 0.7744140625 0.57861328125 0.0361328125 0.037109375
0 0.76611328125 0.3984375 0.041015625 0.037109375
0 0.404296875 0.83251953125 0.03515625 0.0400390625
0 0.1923828125 0.64892578125 0.033203125 0.037109375
0 0.2578125 0.57275390625 0.033203125 0.03515625
1 0.81396484375 0.06591796875 0.025390625 0.041015625
1 0.85498046875 0.18212890625 0.0244140625 0.03515625
1 0.83154296875 0.50634765625 0.021484375 0.0205078125
1 0.79541015625 0.49755859375 0.01953125 0.0234375
1 0.8095703125 0.494140625 0.013671875 0.0205078125
1 0.80810546875 0.478515625 0.017578125 0.0224609375
1 0.8232421875 0.4794921875 0.01953125 0.0244140625
1 0.8076171875 0.61181640625 0.01953125 0.0234375
1 0.7998046875 0.701171875 0.0205078125 0.0283203125
1 0.82421875 0.75439453125 0.0234375 0.03125
1 0.81103515625 0.79638671875 0.0205078125 0.025390625
1 0.6572265625 0.85009765625 0.0185546875 0.0283203125
1 0.66552734375 0.82861328125 0.017578125 0.0234375
1 0.658203125 0.8125 0.017578125 0.021484375
1 0.6416015625 0.796875 0.017578125 0.0263671875
1 0.6455078125 0.78076171875 0.017578125 0.03125
1 0.66552734375 0.68408203125 0.013671875 0.01953125
1 0.62890625 0.7060546875 0.015625 0.0244140625
1 0.57177734375 0.67333984375 0.0166015625 0.021484375
1 0.56298828125 0.6494140625 0.015625 0.0224609375
1 0.57470703125 0.6416015625 0.013671875 0.0146484375
1 0.68701171875 0.27587890625 0.0185546875 0.0263671875
1 0.77685546875 0.18310546875 0.021484375 0.03125
1 0.68505859375 0.12451171875 0.0224609375 0.033203125
1 0.71630859375 0.0458984375 0.0205078125 0.033203125
1 0.625 0.0869140625 0.017578125 0.0283203125
1 0.62451171875 0.06689453125 0.0146484375 0.0205078125
1 0.56005859375 0.04150390625 0.0166015625 0.03125
1 0.4736328125 0.013671875 0.015625 0.02734375
1 0.49267578125 0.04931640625 0.0146484375 0.029296875
1 0.49609375 0.0732421875 0.013671875 0.0234375
1 0.4443359375 0.16552734375 0.0224609375 0.03515625
1 0.4345703125 0.19921875 0.0166015625 0.0263671875
1 0.4599609375 0.19140625 0.013671875 0.0205078125
1 0.328125 0.03125 0.013671875 0.021484375
1 0.32470703125 0.0439453125 0.0185546875 0.0283203125
1 0.314453125 0.076171875 0.0166015625 0.0302734375
1 0.39990234375 0.3427734375 0.013671875 0.0185546875
1 0.3798828125 0.39453125 0.013671875 0.01953125
1 0.365234375 0.4052734375 0.013671875 0.01953125
1 0.3515625 0.41845703125 0.0126953125 0.01953125
1 0.35595703125 0.39599609375 0.01171875 0.0185546875
1 0.36279296875 0.375 0.0146484375 0.021484375
1 0.32421875 0.47216796875 0.013671875 0.01953125
1 0.30712890625 0.4921875 0.015625 0.01953125
1 0.29638671875 0.4794921875 0.0146484375 0.0166015625
1 0.306640625 0.47998046875 0.013671875 0.0166015625
1 0.23779296875 0.52880859375 0.0185546875 0.0185546875
1 0.193359375 0.5732421875 0.01953125 0.0205078125
1 0.185546875 0.603515625 0.0146484375 0.0146484375
1 0.1494140625 0.6279296875 0.015625 0.0205078125
1 0.1357421875 0.6396484375 0.0166015625 0.0244140625
1 0.1240234375 0.64208984375 0.01171875 0.0166015625
1 0.119140625 0.69140625 0.0205078125 0.0224609375
1 0.10546875 0.6650390625 0.0185546875 0.0185546875
1 0.09375 0.68310546875 0.0166015625 0.021484375
1 0.0791015625 0.69140625 0.01953125 0.021484375
1 0.0849609375 0.7080078125 0.0263671875 0.025390625
1 0.07958984375 0.72412109375 0.0146484375 0.01953125
1 0.091796875 0.7255859375 0.0205078125 0.015625
1 0.0966796875 0.71435546875 0.0224609375 0.01953125
1 0.0791015625 0.76123046875 0.0185546875 0.0244140625
1 0.21826171875 0.85205078125 0.017578125 0.0244140625
1 0.2333984375 0.76611328125 0.0185546875 0.0205078125
1 0.30908203125 0.85205078125 0.0107421875 0.0166015625
1 0.05712890625 0.81201171875 0.0205078125 0.017578125
1 0.04931640625 0.79296875 0.021484375 0.025390625
1 0.2724609375 0.9970703125 0.0234375 0.005859375
1 0.330078125 0.99365234375 0.013671875 0.0126953125
1 0.33935546875 0.98779296875 0.0146484375 0.0244140625
1 0.42041015625 0.83349609375 0.0146484375 0.0244140625
1 0.67431640625 0.9580078125 0.0185546875 0.033203125