0 0.70458984375 0.5009765625 0.056640625 0.060546875
0 0.67236328125 0.58740234375 0.0361328125 0.041015625
0 0.61181640625 0.82861328125 0.033203125 0.056640625
0 0.5576171875 0.76025390625 0.03515625 0.0537109375
0 0.5 0.68310546875 0.0361328125 0.048828125
0 0.46826171875 0.59716796875 0.0361328125 0.0478515625
0 0.416015625 0.34814453125 0.0380859375 0.0419921875
0 0.73095703125 0.33203125 0.037109375 0.0380859375
0 0.78466796875 0.50439453125 0.0419921875 0.0380859375
0 0.29638671875 0.22021484375 0.0361328125 0.041015625
0 0.16015625 0.46533203125 0.0341796875 0.0380859375
0 0.24755859375 0.51416015625 0.0341796875 0.0361328125
1 0.943359375 0.80029296875 0.0263671875 0.041015625
1 0.9423828125 0.67724609375 0.025390625 0.0361328125
1 0.8095703125 0.380859375 0.021484375 0.021484375
1 0.7783203125 0.4013671875 0.01953125 0.0234375
1 0.79296875 0.39990234375 0.0146484375 0.0205078125
1 0.796875 0.4150390625 0.017578125 0.0224609375
1 0.810546875 0.40869140625 0.0205078125 0.025390625
1 0.75048828125 0.28955078125 0.01953125 0.0244140625
1 0.712890625 0.20849609375 0.0205078125 0.029296875
1 0.7177734375 0.150390625 0.0244140625 0.03125
1 0.69091796875 0.115234375 0.0205078125 0.0263671875
1 0.52783203125 0.1171875 0.01953125 0.0283203125
1 0.54345703125 0.13427734375 0.0185546875 0.0234375
1 0.5419921875 0.15234375 0.0185546875 0.0224609375
1 0.53125 0.17236328125 0.0185546875 0.0263671875
1 0.54052734375 0.1865234375 0.0185546875 0.03125
1 0.5927734375 0.2705078125 0.0146484375 0.01953125
1 0.55078125 0.26220703125 0.0166015625 0.0244140625
1 0.50830078125 0.3125 0.017578125 0.021484375
1 0.50830078125 0.33837890625 0.0166015625 0.0234375
1 0.52197265625 0.34130859375 0.013671875 0.015625
1 0.75244140625 0.646484375 0.01953125 0.0263671875
1 0.86865234375 0.703125 0.0224609375 0.0322265625
1 0.80224609375 0.78955078125 0.0234375 0.0341796875
1 0.8583984375 0.8525390625 0.021484375 0.033203125
1 0.7587890625 0.845703125 0.0185546875 0.0283203125
1 0.76513671875 0.8642578125 0.0146484375 0.0205078125
1 0.712890625 0.91015625 0.017578125 0.03125
1 0.64208984375 0.966796875 0.0166015625 0.029296875
1 0.6474609375 0.92578125 0.015625 0.029296875
1 0.64208984375 0.90234375 0.0146484375 0.0244140625
1 0.56201171875 0.8330078125 0.0234375 0.03515625
1 0.54150390625 0.8046875 0.017578125 0.02734375
1 0.56787109375 0.8037109375 0.0146484375 0.021484375
1 0.49853515625 0.994140625 0.0146484375 0.01171875
1 0.4912109375 0.9873046875 0.01953125 0.025390625
1 0.47021484375 0.9619140625 0.017578125 0.0302734375
1 0.4599609375 0.68212890625 0.013671875 0.01953125
1 0.42333984375 0.64013671875 0.0146484375 0.01953125
1 0.40576171875 0.63525390625 0.013671875 0.0205078125
1 0.38818359375 0.626953125 0.0126953125 0.0205078125
1 0.400390625 0.6474609375 0.01171875 0.0185546875
1 0.4140625 0.66455078125 0.0146484375 0.021484375
1 0.34423828125 0.58642578125 0.013671875 0.01953125
1 0.3212890625 0.57373046875 0.015625 0.01953125
1 0.31591796875 0.5888671875 0.0146484375 0.017578125
1 0.3251953125 0.5849609375 0.0146484375 0.0166015625
1 0.24365234375 0.56298828125 0.0185546875 0.0185546875
1 0.1865234375 0.5361328125 0.0205078125 0.0205078125
1 0.1689453125 0.51025390625 0.0146484375 0.015625
1 0.126953125 0.5 0.015625 0.0205078125
1 0.10986328125 0.4931640625 0.017578125 0.0244140625
1 0.09814453125 0.4951171875 0.0126953125 0.0166015625
1 0.07666015625 0.45068359375 0.021484375 0.0234375
1 0.07275390625 0.47998046875 0.01953125 0.01953125
1 0.0556640625 0.466796875 0.017578125 0.021484375
1 0.0390625 0.46435546875 0.0205078125 0.0224609375
1 0.0390625 0.4462890625 0.0263671875 0.0263671875
1 0.0283203125 0.43310546875 0.0146484375 0.01953125
1 0.0390625 0.42724609375 0.0205078125 0.0166015625
1 0.0478515625 0.4365234375 0.0224609375 0.01953125
1 0.01513671875 0.3984375 0.01953125 0.025390625
1 0.11474609375 0.265625 0.0185546875 0.0244140625
1 0.158203125 0.34130859375 0.0185546875 0.021484375
1 0.2001953125 0.234375 0.01171875 0.0166015625
1 0.11279296875 0.1005859375 0.0244140625 0.02734375
1 0.15966796875 0.08154296875 0.017578125 0.03125
1 0.16943359375 0.08740234375 0.0146484375 0.0263671875
1 0.181640625 0.0947265625 0.015625 0.02734375
1 0.31103515625 0.2138671875 0.0146484375 0.0244140625
1 0.5068359375 0.01318359375 0.01953125 0.0263671875