0 0.97216796875 0.92041015625 0.0283203125 0.0634765625
0 0.9931640625 0.6953125 0.013671875 0.06640625
0 0.82763671875 0.37060546875 0.03125 0.025390625
0 0.7724609375 0.564453125 0.0322265625 0.0322265625
0 0.7412109375 0.58740234375 0.044921875 0.0634765625
0 0.6484375 0.623046875 0.0263671875 0.03515625
0 0.54736328125 0.83935546875 0.0263671875 0.046875
0 0.5087890625 0.7578125 0.0244140625 0.0458984375
0 0.46630859375 0.66943359375 0.025390625 0.0419921875
0 0.1787109375 0.38818359375 0.02734375 0.03515625
0 0.25439453125 0.453125 0.029296875 0.0302734375
0 0.33447265625 0.42626953125 0.029296875 0.037109375
0 0.5224609375 0.3828125 0.029296875 0.037109375
0 0.3525390625 0.18408203125 0.0283203125 0.0400390625
1 0.97216796875 0.9638671875 0.0234375 0.03515625
1 0.87109375 0.88232421875 0.01953125 0.037109375
1 0.88671875 0.78857421875 0.021484375 0.033203125
1 0.7568359375 0.8564453125 0.01953125 0.0263671875
1 0.8193359375 0.77294921875 0.0146484375 0.0283203125
1 0.6875 0.88623046875 0.013671875 0.0263671875
1 0.689453125 0.90234375 0.013671875 0.0224609375
1 0.78857421875 0.94873046875 0.015625 0.03125
1 0.72119140625 0.69970703125 0.015625 0.025390625
1 0.81689453125 0.453125 0.017578125 0.0185546875
1 0.78564453125 0.4677734375 0.015625 0.0234375
1 0.79638671875 0.46826171875 0.013671875 0.0185546875
1 0.7998046875 0.4833984375 0.015625 0.015625
1 0.81396484375 0.482421875 0.0166015625 0.0224609375
1 0.78076171875 0.3701171875 0.0166015625 0.0302734375
1 0.75732421875 0.28955078125 0.0146484375 0.0283203125
1 0.7705078125 0.21728515625 0.0166015625 0.0322265625
1 0.7529296875 0.15673828125 0.015625 0.0205078125
1 0.71923828125 0.02978515625 0.0185546875 0.02734375
1 0.5927734375 0.029296875 0.013671875 0.041015625
1 0.61376953125 0.2939453125 0.0107421875 0.0166015625
1 0.6162109375 0.3037109375 0.009765625 0.013671875
1 0.57470703125 0.2841796875 0.0146484375 0.0244140625
1 0.52734375 0.3388671875 0.0126953125 0.015625
1 0.52587890625 0.35546875 0.01171875 0.0146484375
1 0.54150390625 0.361328125 0.0107421875 0.0185546875
1 0.58740234375 0.21240234375 0.0146484375 0.0224609375
1 0.58251953125 0.19921875 0.009765625 0.021484375
1 0.583984375 0.1396484375 0.01171875 0.0185546875
1 0.59326171875 0.1572265625 0.009765625 0.0185546875
1 0.5888671875 0.1728515625 0.009765625 0.0185546875
1 0.36767578125 0.18408203125 0.0107421875 0.021484375
1 0.1982421875 0.03173828125 0.017578125 0.0244140625
1 0.24755859375 0.0244140625 0.01171875 0.02734375
1 0.25634765625 0.03173828125 0.0107421875 0.025390625
1 0.26513671875 0.03857421875 0.01171875 0.0283203125
1 0.25390625 0.19775390625 0.0107421875 0.0146484375
1 0.1826171875 0.19970703125 0.01171875 0.01953125
1 0.20458984375 0.24755859375 0.015625 0.0244140625
1 0.00537109375 0.2529296875 0.0107421875 0.0234375
1 0.01025390625 0.234375 0.0205078125 0.025390625
1 0.06591796875 0.2939453125 0.021484375 0.0205078125
1 0.0703125 0.32080078125 0.0185546875 0.015625
1 0.05810546875 0.326171875 0.0126953125 0.01953125
1 0.06640625 0.3427734375 0.0263671875 0.02734375
1 0.076171875 0.333984375 0.021484375 0.0166015625
1 0.07958984375 0.36376953125 0.0185546875 0.0185546875
1 0.09375 0.38037109375 0.017578125 0.0205078125
1 0.08740234375 0.369140625 0.017578125 0.015625
1 0.1015625 0.35400390625 0.017578125 0.0166015625
1 0.11572265625 0.40087890625 0.0107421875 0.01953125
1 0.126953125 0.40087890625 0.015625 0.021484375
1 0.13037109375 0.41357421875 0.01171875 0.017578125
1 0.146484375 0.39892578125 0.0166015625 0.015625
1 0.20458984375 0.39501953125 0.01171875 0.0166015625
1 0.18701171875 0.41845703125 0.0126953125 0.0146484375
1 0.19189453125 0.45751953125 0.0185546875 0.017578125
1 0.2314453125 0.4873046875 0.0146484375 0.017578125
1 0.39404296875 0.41845703125 0.009765625 0.0146484375
1 0.3271484375 0.53466796875 0.0126953125 0.0146484375
1 0.31787109375 0.5478515625 0.0107421875 0.017578125
1 0.33203125 0.54736328125 0.017578125 0.01953125
1 0.35302734375 0.54638671875 0.0107421875 0.0244140625
1 0.3544921875 0.5830078125 0.015625 0.01953125
1 0.36376953125 0.6015625 0.0078125 0.0166015625
1 0.37255859375 0.59619140625 0.009765625 0.0166015625
1 0.39013671875 0.603515625 0.013671875 0.0185546875
1 0.388671875 0.63623046875 0.0126953125 0.0185546875
1 0.4189453125 0.64111328125 0.015625 0.0185546875
1 0.39111328125 0.93017578125 0.01171875 0.021484375
1 0.4033203125 0.9560546875 0.015625 0.02734375
1 0.4091796875 0.9677734375 0.015625 0.0244140625
1 0.47900390625 0.77587890625 0.01171875 0.021484375
1 0.51171875 0.8037109375 0.0126953125 0.017578125
1 0.49072265625 0.81298828125 0.0126953125 0.0166015625
1 0.4970703125 0.798828125 0.0126953125 0.01953125
1 0.54638671875 0.96240234375 0.0146484375 0.0263671875
1 0.57275390625 0.95263671875 0.013671875 0.021484375
1 0.5703125 0.921875 0.01171875 0.0283203125
1 0.623046875 0.9560546875 0.015625 0.0283203125