0 0.04296875 0.9365234375 0.0263671875 0.0625
0 0.009765625 0.712890625 0.01953125 0.0654296875
0 0.16796875 0.38232421875 0.03076171875 0.0244140625
0 0.22998046875 0.57373046875 0.03076171875 0.03125
0 0.26220703125 0.595703125 0.04296875 0.06201171875
0 0.35595703125 0.6279296875 0.02490234375 0.0341796875
0 0.46435546875 0.8408203125 0.0244140625 0.0458984375
0 0.5 0.7578125 0.0224609375 0.044921875
0 0.53955078125 0.66796875 0.0244140625 0.04150390625
0 0.8173828125 0.376953125 0.0263671875 0.03466796875
0 0.74365234375 0.44482421875 0.0283203125 0.029296875
0 0.6630859375 0.42041015625 0.0283203125 0.03662109375
0 0.4736328125 0.3837890625 0.02783203125 0.0361328125
0 0.63623046875 0.17919921875 0.02734375 0.03955078125
1 0.04443359375 0.97998046875 0.02197265625 0.03466796875
1 0.142578125 0.89501953125 0.0185546875 0.03662109375
1 0.12353515625 0.8017578125 0.0205078125 0.03271484375
1 0.255859375 0.865234375 0.0185546875 0.02587890625
1 0.1904296875 0.78369140625 0.013671875 0.0283203125
1 0.326171875 0.892578125 0.01318359375 0.02587890625
1 0.32470703125 0.90869140625 0.0126953125 0.0224609375
1 0.22705078125 0.95849609375 0.01416015625 0.03076171875
1 0.2861328125 0.70751953125 0.0146484375 0.0244140625
1 0.181640625 0.46435546875 0.0166015625 0.01806640625
1 0.21337890625 0.4775390625 0.0146484375 0.02294921875
1 0.20263671875 0.478515625 0.0126953125 0.01806640625
1 0.19970703125 0.49365234375 0.0146484375 0.01513671875
1 0.185546875 0.4931640625 0.015625 0.021484375
1 0.21484375 0.3798828125 0.015625 0.029296875
1 0.2353515625 0.298828125 0.013671875 0.02783203125
1 0.2197265625 0.22705078125 0.015625 0.03125
1 0.2353515625 0.16552734375 0.0146484375 0.01953125
1 0.2646484375 0.03759765625 0.017578125 0.02685546875
1 0.390625 0.03271484375 0.0126953125 0.041015625
1 0.37890625 0.2978515625 0.009765625 0.01611328125
1 0.376953125 0.30810546875 0.009765625 0.01318359375
1 0.41796875 0.287109375 0.013671875 0.0244140625
1 0.46728515625 0.33984375 0.01171875 0.01513671875
1 0.46923828125 0.3564453125 0.0107421875 0.0146484375
1 0.45361328125 0.36279296875 0.01025390625 0.01806640625
1 0.40283203125 0.2158203125 0.01416015625 0.0224609375
1 0.4072265625 0.2021484375 0.0087890625 0.021484375
1 0.4033203125 0.142578125 0.0107421875 0.0185546875
1 0.39501953125 0.16064453125 0.0087890625 0.0185546875
1 0.39990234375 0.17626953125 0.0087890625 0.0185546875
1 0.62109375 0.1796875 0.01025390625 0.02099609375
1 0.78515625 0.021484375 0.0166015625 0.0234375
1 0.73583984375 0.01611328125 0.0107421875 0.02685546875
1 0.72705078125 0.0234375 0.01025390625 0.02490234375
1 0.71875 0.03076171875 0.01123046875 0.02783203125
1 0.7353515625 0.189453125 0.01025390625 0.0146484375
1 0.806640625 0.18896484375 0.01123046875 0.01953125
1 0.78662109375 0.2373046875 0.01513671875 0.0234375
1 0.990234375 0.23583984375 0.01904296875 0.02294921875
1 0.97998046875 0.21728515625 0.0205078125 0.0244140625
1 0.9267578125 0.27880859375 0.0205078125 0.02001953125
1 0.92333984375 0.3056640625 0.017578125 0.0146484375
1 0.935546875 0.31103515625 0.01171875 0.01953125
1 0.927734375 0.32763671875 0.025390625 0.0263671875
1 0.91796875 0.3193359375 0.0205078125 0.01611328125
1 0.91552734375 0.34912109375 0.01806640625 0.01806640625
1 0.90185546875 0.3662109375 0.0166015625 0.01953125
1 0.90771484375 0.35498046875 0.0166015625 0.01513671875
1 0.89306640625 0.34033203125 0.0166015625 0.01611328125
1 0.88037109375 0.3876953125 0.01025390625 0.01953125
1 0.869140625 0.3876953125 0.0146484375 0.02099609375
1 0.8662109375 0.40087890625 0.0107421875 0.017578125
1 0.849609375 0.38671875 0.01611328125 0.01513671875
1 0.79150390625 0.384765625 0.0107421875 0.01611328125
1 0.81005859375 0.40771484375 0.01171875 0.0146484375
1 0.806640625 0.44677734375 0.01806640625 0.0166015625
1 0.76806640625 0.47802734375 0.013671875 0.017578125
1 0.60302734375 0.4150390625 0.00927734375 0.0146484375
1 0.673828125 0.52880859375 0.01220703125 0.0146484375
1 0.68359375 0.54150390625 0.01025390625 0.017578125
1 0.66943359375 0.54150390625 0.01708984375 0.0185546875
1 0.6484375 0.541015625 0.01025390625 0.0244140625
1 0.6484375 0.57763671875 0.0146484375 0.0185546875
1 0.6396484375 0.5966796875 0.0068359375 0.01611328125
1 0.630859375 0.591796875 0.0087890625 0.0166015625
1 0.61328125 0.599609375 0.01318359375 0.0185546875
1 0.6162109375 0.63232421875 0.01171875 0.0185546875
1 0.5859375 0.63818359375 0.01513671875 0.01806640625
1 0.6240234375 0.92626953125 0.0107421875 0.02099609375
1 0.6123046875 0.95263671875 0.0146484375 0.02685546875
1 0.60693359375 0.96435546875 0.01513671875 0.0234375
1 0.53076171875 0.77490234375 0.0107421875 0.021484375
1 0.4990234375 0.8037109375 0.01171875 0.017578125
1 0.52001953125 0.8125 0.01220703125 0.01611328125
1 0.51318359375 0.79833984375 0.01220703125 0.01953125
1 0.4697265625 0.9638671875 0.01416015625 0.0263671875
1 0.44287109375 0.955078125 0.01318359375 0.021484375
1 0.4443359375 0.92431640625 0.01123046875 0.02783203125
1 0.39306640625 0.9599609375 0.0146484375 0.02783203125