0 0.92529296875 0.03271484375 0.0302734375 0.064453125
0 0.97412109375 0.25341796875 0.0244140625 0.06640625
0 0.83935546875 0.59423828125 0.0322265625 0.0263671875
0 0.76416015625 0.40771484375 0.033203125 0.033203125
0 0.73046875 0.38818359375 0.046875 0.064453125
0 0.634765625 0.3623046875 0.02734375 0.0361328125
0 0.51171875 0.15771484375 0.02734375 0.0478515625
0 0.48193359375 0.24267578125 0.025390625 0.0458984375
0 0.44873046875 0.3349609375 0.02734375 0.04296875
0 0.19189453125 0.64501953125 0.0283203125 0.0361328125
0 0.2607421875 0.572265625 0.0302734375 0.03125
0 0.3427734375 0.5908203125 0.03125 0.0380859375
0 0.5341796875 0.6142578125 0.0302734375 0.0380859375
0 0.38671875 0.82958984375 0.0302734375 0.041015625
1 0.8291015625 0.0810546875 0.021484375 0.0380859375
1 0.8544921875 0.1728515625 0.0224609375 0.0341796875
1 0.71826171875 0.11865234375 0.0205078125 0.02734375
1 0.7890625 0.1953125 0.015625 0.029296875
1 0.64599609375 0.09619140625 0.0146484375 0.0263671875
1 0.646484375 0.080078125 0.0146484375 0.0234375
1 0.740234375 0.0234375 0.0166015625 0.03125
1 0.69873046875 0.27783203125 0.0166015625 0.025390625
1 0.8203125 0.51318359375 0.017578125 0.01953125
1 0.78759765625 0.50244140625 0.0166015625 0.0234375
1 0.79833984375 0.50048828125 0.013671875 0.0185546875
1 0.7998046875 0.4853515625 0.015625 0.0166015625
1 0.81396484375 0.48486328125 0.0166015625 0.0224609375
1 0.79296875 0.60009765625 0.017578125 0.0302734375
1 0.77783203125 0.68212890625 0.015625 0.0283203125
1 0.798828125 0.7529296875 0.017578125 0.0322265625
1 0.787109375 0.8154296875 0.015625 0.0205078125
1 0.76708984375 0.94482421875 0.01953125 0.0283203125
1 0.6416015625 0.95849609375 0.015625 0.0419921875
1 0.634765625 0.693359375 0.0107421875 0.0166015625
1 0.63623046875 0.6826171875 0.0107421875 0.013671875
1 0.5966796875 0.70654296875 0.015625 0.025390625
1 0.5439453125 0.65771484375 0.0126953125 0.015625
1 0.54052734375 0.64111328125 0.01171875 0.015625
1 0.5556640625 0.6337890625 0.01171875 0.0185546875
1 0.61669921875 0.77685546875 0.015625 0.0234375
1 0.61328125 0.79052734375 0.0107421875 0.0224609375
1 0.62158203125 0.849609375 0.01171875 0.01953125
1 0.62841796875 0.8310546875 0.009765625 0.01953125
1 0.62255859375 0.81591796875 0.009765625 0.01953125
1 0.4013671875 0.828125 0.01171875 0.021484375
1 0.24853515625 0.9921875 0.0185546875 0.015625
1 0.29833984375 0.99267578125 0.0126953125 0.0146484375
1 0.306640625 0.9892578125 0.01171875 0.021484375
1 0.314453125 0.9833984375 0.0126953125 0.0283203125
1 0.287109375 0.826171875 0.01171875 0.015625
1 0.2158203125 0.83154296875 0.0126953125 0.0205078125
1 0.232421875 0.7822265625 0.0166015625 0.0244140625
1 0.029296875 0.7978515625 0.0205078125 0.0244140625
1 0.041015625 0.8154296875 0.0224609375 0.025390625
1 0.08984375 0.75048828125 0.021484375 0.021484375
1 0.09130859375 0.7236328125 0.0185546875 0.015625
1 0.07861328125 0.71875 0.0126953125 0.0205078125
1 0.08544921875 0.70166015625 0.02734375 0.0283203125
1 0.095703125 0.70947265625 0.021484375 0.017578125
1 0.09619140625 0.6796875 0.01953125 0.01953125
1 0.1083984375 0.66162109375 0.017578125 0.0205078125
1 0.103515625 0.67333984375 0.017578125 0.0166015625
1 0.119140625 0.6865234375 0.017578125 0.017578125
1 0.12841796875 0.638671875 0.01171875 0.0205078125
1 0.1396484375 0.6376953125 0.015625 0.021484375
1 0.1416015625 0.62451171875 0.01171875 0.0185546875
1 0.1591796875 0.63720703125 0.017578125 0.0166015625
1 0.21728515625 0.63525390625 0.01171875 0.0166015625
1 0.197265625 0.61376953125 0.0126953125 0.015625
1 0.19775390625 0.57470703125 0.01953125 0.017578125
1 0.23388671875 0.54052734375 0.0146484375 0.0185546875
1 0.4033203125 0.591796875 0.0107421875 0.015625
1 0.32470703125 0.4833984375 0.013671875 0.015625
1 0.31396484375 0.47119140625 0.01171875 0.0185546875
1 0.328125 0.47021484375 0.0185546875 0.01953125
1 0.34912109375 0.46923828125 0.01171875 0.025390625
1 0.3466796875 0.43310546875 0.015625 0.01953125
1 0.35400390625 0.4130859375 0.0078125 0.0166015625
1 0.36328125 0.41748046875 0.009765625 0.017578125
1 0.3798828125 0.40869140625 0.0146484375 0.01953125
1 0.375 0.3759765625 0.0126953125 0.01953125
1 0.40478515625 0.3681640625 0.0166015625 0.01953125
1 0.3466796875 0.08349609375 0.01171875 0.021484375
1 0.3564453125 0.05615234375 0.0166015625 0.02734375
1 0.36083984375 0.04443359375 0.0166015625 0.0244140625
1 0.4501953125 0.22802734375 0.0126953125 0.0224609375
1 0.47998046875 0.19677734375 0.0126953125 0.0185546875
1 0.4580078125 0.189453125 0.013671875 0.0166015625
1 0.4658203125 0.203125 0.013671875 0.0205078125
1 0.498046875 0.03515625 0.015625 0.02734375
1 0.525390625 0.0419921875 0.0146484375 0.0224609375
1 0.52587890625 0.07275390625 0.0126953125 0.0283203125
1 0.57470703125 0.03369140625 0.0166015625 0.0283203125