0 0.064453125 0.955078125 0.02880859375 0.06103515625
0 0.02490234375 0.73974609375 0.02587890625 0.06103515625
0 0.0107421875 0.66357421875 0.021484375 0.060546875
0 0.3740234375 0.96533203125 0.046875 0.0693359375
0 0.23046875 0.65234375 0.0419921875 0.06201171875
0 0.361328125 0.6337890625 0.0263671875 0.0380859375
0 0.396484375 0.41845703125 0.0283203125 0.02978515625
0 0.47265625 0.83349609375 0.021484375 0.05078125
0 0.50830078125 0.74951171875 0.02197265625 0.0498046875
0 0.54248046875 0.6591796875 0.02392578125 0.0498046875
0 0.73681640625 0.4248046875 0.0244140625 0.03173828125
0 0.806640625 0.3525390625 0.0244140625 0.0341796875
0 0.77880859375 0.2578125 0.02783203125 0.03662109375
0 0.625 0.17626953125 0.02978515625 0.0341796875
0 0.23974609375 0.5908203125 0.03173828125 0.0390625
1 0.162109375 0.90576171875 0.0185546875 0.03759765625
1 0.1455078125 0.83984375 0.0205078125 0.033203125
1 0.2314453125 0.17626953125 0.01513671875 0.0263671875
1 0.259765625 0.06689453125 0.0185546875 0.0234375
1 0.3818359375 0.05419921875 0.00927734375 0.0283203125
1 0.4091796875 0.1552734375 0.01171875 0.02490234375
1 0.40283203125 0.17626953125 0.01123046875 0.0185546875
1 0.40966796875 0.18798828125 0.0126953125 0.02099609375
1 0.41064453125 0.21826171875 0.01220703125 0.0263671875
1 0.4091796875 0.23291015625 0.015625 0.02294921875
1 0.22265625 0.26123046875 0.01171875 0.0166015625
1 0.2197265625 0.24609375 0.01171875 0.01953125
1 0.23583984375 0.3359375 0.0126953125 0.02001953125
1 0.21240234375 0.42578125 0.0126953125 0.02294921875
1 0.1884765625 0.484375 0.0166015625 0.01953125
1 0.22119140625 0.498046875 0.01318359375 0.0185546875
1 0.208984375 0.49853515625 0.00927734375 0.017578125
1 0.2080078125 0.515625 0.0126953125 0.0185546875
1 0.19384765625 0.51416015625 0.013671875 0.02099609375
1 0.20654296875 0.79833984375 0.0126953125 0.0263671875
1 0.2568359375 0.88525390625 0.01708984375 0.0283203125
1 0.33984375 0.8916015625 0.0126953125 0.02294921875
1 0.3388671875 0.9091796875 0.0107421875 0.021484375
1 0.412109375 0.9775390625 0.01025390625 0.02294921875
1 0.298828125 0.7158203125 0.01123046875 0.0185546875
1 0.44921875 0.9560546875 0.01220703125 0.0234375
1 0.4853515625 0.9384765625 0.0107421875 0.02685546875
1 0.44921875 0.92724609375 0.0107421875 0.02294921875
1 0.6328125 0.90478515625 0.0126953125 0.0185546875
1 0.6201171875 0.931640625 0.01171875 0.0244140625
1 0.61572265625 0.94482421875 0.013671875 0.021484375
1 0.50732421875 0.7919921875 0.00927734375 0.0166015625
1 0.54296875 0.7431640625 0.009765625 0.02490234375
1 0.53125 0.77685546875 0.0126953125 0.0126953125
1 0.5263671875 0.763671875 0.0107421875 0.021484375
1 0.6103515625 0.705078125 0.0087890625 0.0185546875
1 0.6005859375 0.607421875 0.0107421875 0.0166015625
1 0.60693359375 0.6220703125 0.0078125 0.017578125
1 0.61865234375 0.62353515625 0.0078125 0.02001953125
1 0.6279296875 0.57080078125 0.00830078125 0.01953125
1 0.6279296875 0.53662109375 0.0107421875 0.02001953125
1 0.65478515625 0.53369140625 0.0107421875 0.0185546875
1 0.65625 0.51953125 0.013671875 0.01611328125
1 0.66845703125 0.5302734375 0.0126953125 0.017578125
1 0.6611328125 0.5546875 0.01123046875 0.021484375
1 0.6396484375 0.56396484375 0.01220703125 0.0166015625
1 0.64990234375 0.56884765625 0.0078125 0.0185546875
1 0.7705078125 0.44287109375 0.0146484375 0.017578125
1 0.7978515625 0.42236328125 0.01708984375 0.0166015625
1 0.7880859375 0.37451171875 0.0107421875 0.0224609375
1 0.767578125 0.34912109375 0.013671875 0.0234375
1 0.4287109375 0.294921875 0.0107421875 0.02001953125
1 0.39306640625 0.30029296875 0.0126953125 0.0185546875
1 0.39013671875 0.3125 0.01123046875 0.013671875
1 0.4619140625 0.38330078125 0.0126953125 0.02294921875
1 0.47900390625 0.35986328125 0.0107421875 0.01806640625
1 0.47802734375 0.3798828125 0.01171875 0.02001953125
1 0.8330078125 0.3486328125 0.01025390625 0.021484375
1 0.87890625 0.31396484375 0.0166015625 0.01953125
1 0.89453125 0.25439453125 0.01611328125 0.0166015625
1 0.7802734375 0.185546875 0.01025390625 0.017578125
1 0.7333984375 0.1904296875 0.0087890625 0.017578125
1 0.77001953125 0.2109375 0.01171875 0.017578125
1 0.921875 0.28125 0.0078125 0.017578125
1 0.916015625 0.2958984375 0.01806640625 0.02783203125
1 0.9033203125 0.2900390625 0.01806640625 0.01953125
1 0.9111328125 0.27587890625 0.0126953125 0.013671875
1 0.90234375 0.31884765625 0.0126953125 0.02099609375
1 0.8955078125 0.32568359375 0.0126953125 0.0126953125
1 0.890625 0.33935546875 0.0126953125 0.01513671875
1 0.869140625 0.3603515625 0.009765625 0.01318359375
1 0.8583984375 0.36181640625 0.01318359375 0.017578125
1 0.61328125 0.17041015625 0.00927734375 0.02099609375
1 0.76708984375 0.01123046875 0.017578125 0.0224609375
1 0.71142578125 0.01513671875 0.01171875 0.021484375
1 0.7021484375 0.02587890625 0.0107421875 0.02783203125
1 0.98388671875 0.19287109375 0.0205078125 0.0263671875
1 0.97509765625 0.17529296875 0.0166015625 0.02294921875