0 0.994140625 0.87255859375 0.01171875 0.0654296875
0 0.99560546875 0.6533203125 0.0087890625 0.064453125
0 0.705078125 0.9365234375 0.05859375 0.076171875
0 0.7919921875 0.60302734375 0.0517578125 0.068359375
0 0.65966796875 0.60791015625 0.0322265625 0.0419921875
0 0.587890625 0.40185546875 0.033203125 0.0341796875
0 0.5849609375 0.82373046875 0.0302734375 0.0537109375
0 0.53515625 0.7470703125 0.0302734375 0.052734375
0 0.48583984375 0.6640625 0.0322265625 0.052734375
0 0.25390625 0.46728515625 0.029296875 0.03515625
0 0.17236328125 0.408203125 0.0302734375 0.0380859375
0 0.18359375 0.31005859375 0.0341796875 0.041015625
0 0.32080078125 0.203125 0.03515625 0.0390625
0 0.77197265625 0.54443359375 0.0380859375 0.0439453125
1 0.9033203125 0.8408203125 0.0244140625 0.0400390625
1 0.908203125 0.77294921875 0.0263671875 0.0361328125
1 0.70849609375 0.134765625 0.01953125 0.0283203125
1 0.6611328125 0.03173828125 0.0224609375 0.0263671875
1 0.5390625 0.04052734375 0.013671875 0.029296875
1 0.52978515625 0.14453125 0.015625 0.0263671875
1 0.53955078125 0.16455078125 0.0146484375 0.0205078125
1 0.53466796875 0.17724609375 0.0166015625 0.0224609375
1 0.5390625 0.20703125 0.0166015625 0.0283203125
1 0.54296875 0.22119140625 0.01953125 0.025390625
1 0.7314453125 0.216796875 0.0146484375 0.0185546875
1 0.73193359375 0.201171875 0.0146484375 0.021484375
1 0.7314453125 0.29248046875 0.015625 0.021484375
1 0.7705078125 0.376953125 0.0166015625 0.0244140625
1 0.80419921875 0.4306640625 0.01953125 0.0224609375
1 0.7744140625 0.44970703125 0.0166015625 0.0205078125
1 0.7861328125 0.4482421875 0.01171875 0.0185546875
1 0.7900390625 0.46484375 0.015625 0.0205078125
1 0.80419921875 0.4609375 0.017578125 0.0234375
1 0.8408203125 0.74267578125 0.0166015625 0.0283203125
1 0.80615234375 0.83740234375 0.021484375 0.03125
1 0.7255859375 0.85791015625 0.0166015625 0.0244140625
1 0.72998046875 0.875 0.0146484375 0.0234375
1 0.66943359375 0.955078125 0.013671875 0.0244140625
1 0.7353515625 0.677734375 0.0146484375 0.0205078125
1 0.62939453125 0.9404296875 0.015625 0.025390625
1 0.59033203125 0.92919921875 0.015625 0.0283203125
1 0.6240234375 0.912109375 0.0146484375 0.0244140625
1 0.439453125 0.921875 0.015625 0.0205078125
1 0.45654296875 0.94580078125 0.015625 0.0263671875
1 0.46337890625 0.9580078125 0.017578125 0.0234375
1 0.54345703125 0.7890625 0.01171875 0.017578125
1 0.5 0.7470703125 0.013671875 0.0263671875
1 0.51708984375 0.77783203125 0.0146484375 0.0146484375
1 0.52001953125 0.76416015625 0.0146484375 0.0234375
1 0.4267578125 0.72119140625 0.01171875 0.01953125
1 0.41943359375 0.623046875 0.013671875 0.0185546875
1 0.416015625 0.638671875 0.0107421875 0.0185546875
1 0.40478515625 0.64208984375 0.0107421875 0.021484375
1 0.38623046875 0.591796875 0.01171875 0.0205078125
1 0.38037109375 0.55810546875 0.013671875 0.021484375
1 0.353515625 0.56005859375 0.013671875 0.0205078125
1 0.349609375 0.54638671875 0.0166015625 0.0185546875
1 0.33935546875 0.55908203125 0.015625 0.01953125
1 0.3505859375 0.58203125 0.0146484375 0.0234375
1 0.37353515625 0.58740234375 0.0146484375 0.0185546875
1 0.3642578125 0.59375 0.0107421875 0.01953125
1 0.2236328125 0.49072265625 0.017578125 0.01953125
1 0.193359375 0.47509765625 0.01953125 0.01953125
1 0.1943359375 0.42626953125 0.0146484375 0.0244140625
1 0.21044921875 0.39794921875 0.017578125 0.025390625
1 0.53466796875 0.28564453125 0.013671875 0.021484375
1 0.57080078125 0.28466796875 0.015625 0.0205078125
1 0.57568359375 0.29638671875 0.013671875 0.015625
1 0.51708984375 0.37841796875 0.0166015625 0.0244140625
1 0.49658203125 0.3583984375 0.013671875 0.01953125
1 0.5009765625 0.3779296875 0.0146484375 0.021484375
1 0.14599609375 0.40869140625 0.013671875 0.0224609375
1 0.0947265625 0.3828125 0.01953125 0.0224609375
1 0.06884765625 0.32666015625 0.0185546875 0.01953125
1 0.16943359375 0.23876953125 0.0126953125 0.01953125
1 0.21630859375 0.23583984375 0.01171875 0.0185546875
1 0.18408203125 0.26220703125 0.0146484375 0.01953125
1 0.04638671875 0.35791015625 0.0107421875 0.0185546875
1 0.0546875 0.37109375 0.0224609375 0.0302734375
1 0.06640625 0.36328125 0.021484375 0.0224609375
1 0.05615234375 0.3505859375 0.0146484375 0.015625
1 0.072265625 0.3916015625 0.0166015625 0.0224609375
1 0.080078125 0.39697265625 0.0146484375 0.0146484375
1 0.08740234375 0.40966796875 0.0146484375 0.017578125
1 0.1123046875 0.4267578125 0.01171875 0.0146484375
1 0.123046875 0.42626953125 0.015625 0.01953125
1 0.3310546875 0.1953125 0.0126953125 0.0224609375
1 0.15185546875 0.06494140625 0.021484375 0.025390625
1 0.20751953125 0.05908203125 0.015625 0.0234375
1 0.21875 0.068359375 0.015625 0.029296875