0 0.9912109375 0.1181640625 0.017578125 0.064453125
0 0.99462890625 0.3369140625 0.0107421875 0.064453125
0 0.99658203125 0.41455078125 0.0068359375 0.0634765625
0 0.697265625 0.06005859375 0.0576171875 0.076171875
0 0.7900390625 0.3916015625 0.05078125 0.0673828125
0 0.65771484375 0.3896484375 0.0322265625 0.0419921875
0 0.58935546875 0.5966796875 0.0322265625 0.0341796875
0 0.5791015625 0.1748046875 0.029296875 0.0537109375
0 0.53076171875 0.25244140625 0.029296875 0.052734375
0 0.48291015625 0.3359375 0.03125 0.052734375
0 0.25439453125 0.537109375 0.029296875 0.03515625
0 0.173828125 0.59765625 0.029296875 0.037109375
0 0.1865234375 0.69580078125 0.033203125 0.0400390625
0 0.32568359375 0.80029296875 0.03515625 0.0380859375
0 0.771484375 0.451171875 0.037109375 0.0439453125
1 0.89697265625 0.15185546875 0.0244140625 0.0400390625
1 0.9033203125 0.2197265625 0.025390625 0.0361328125
1 0.71484375 0.86181640625 0.01953125 0.0283203125
1 0.66943359375 0.96533203125 0.0224609375 0.0263671875
1 0.546875 0.958984375 0.013671875 0.029296875
1 0.53564453125 0.8544921875 0.015625 0.0263671875
1 0.54541015625 0.8349609375 0.013671875 0.0205078125
1 0.54052734375 0.822265625 0.015625 0.0224609375
1 0.5439453125 0.79248046875 0.0166015625 0.0283203125
1 0.5478515625 0.77783203125 0.0185546875 0.025390625
1 0.73681640625 0.779296875 0.0146484375 0.0185546875
1 0.7373046875 0.79443359375 0.0146484375 0.021484375
1 0.7353515625 0.703125 0.015625 0.021484375
1 0.7724609375 0.6181640625 0.0166015625 0.0244140625
1 0.80517578125 0.56396484375 0.01953125 0.021484375
1 0.77490234375 0.54541015625 0.015625 0.0205078125
1 0.787109375 0.546875 0.01171875 0.0185546875
1 0.791015625 0.5302734375 0.015625 0.0205078125
1 0.8046875 0.53369140625 0.0166015625 0.0224609375
1 0.83642578125 0.25146484375 0.0166015625 0.0283203125
1 0.80029296875 0.15771484375 0.021484375 0.0302734375
1 0.71923828125 0.13818359375 0.0166015625 0.0244140625
1 0.72314453125 0.12109375 0.013671875 0.0224609375
1 0.66162109375 0.0419921875 0.013671875 0.0244140625
1 0.732421875 0.318359375 0.013671875 0.0205078125
1 0.62158203125 0.0576171875 0.015625 0.025390625
1 0.5830078125 0.0693359375 0.0146484375 0.0283203125
1 0.6171875 0.0859375 0.0146484375 0.0244140625
1 0.43212890625 0.07958984375 0.015625 0.0205078125
1 0.44873046875 0.0546875 0.015625 0.0263671875
1 0.455078125 0.04248046875 0.0166015625 0.0234375
1 0.53857421875 0.21044921875 0.01171875 0.017578125
1 0.49560546875 0.2529296875 0.013671875 0.0263671875
1 0.51220703125 0.2216796875 0.0146484375 0.0146484375
1 0.51513671875 0.2353515625 0.013671875 0.0224609375
1 0.4228515625 0.2802734375 0.01171875 0.01953125
1 0.41748046875 0.3779296875 0.013671875 0.0185546875
1 0.41357421875 0.36279296875 0.0107421875 0.0185546875
1 0.40234375 0.359375 0.0107421875 0.0205078125
1 0.384765625 0.41015625 0.01171875 0.0205078125
1 0.37939453125 0.44384765625 0.013671875 0.021484375
1 0.3525390625 0.4423828125 0.013671875 0.01953125
1 0.3486328125 0.4560546875 0.015625 0.017578125
1 0.33837890625 0.44384765625 0.015625 0.01953125
1 0.349609375 0.4208984375 0.0146484375 0.0234375
1 0.3720703125 0.4150390625 0.0146484375 0.0185546875
1 0.36279296875 0.40869140625 0.0107421875 0.01953125
1 0.22412109375 0.51416015625 0.017578125 0.01953125
1 0.19384765625 0.5302734375 0.01953125 0.01953125
1 0.19580078125 0.5791015625 0.013671875 0.0234375
1 0.2119140625 0.60693359375 0.017578125 0.025390625
1 0.53857421875 0.7138671875 0.013671875 0.021484375
1 0.57421875 0.7138671875 0.015625 0.0205078125
1 0.5791015625 0.7021484375 0.013671875 0.015625
1 0.51953125 0.62109375 0.0166015625 0.0244140625
1 0.4990234375 0.6416015625 0.013671875 0.01953125
1 0.5029296875 0.6220703125 0.0146484375 0.021484375
1 0.1474609375 0.59716796875 0.013671875 0.0224609375
1 0.0966796875 0.62451171875 0.01953125 0.021484375
1 0.07177734375 0.6806640625 0.0185546875 0.0185546875
1 0.173828125 0.7666015625 0.0126953125 0.0185546875
1 0.22119140625 0.76904296875 0.01171875 0.0185546875
1 0.18798828125 0.7431640625 0.0146484375 0.01953125
1 0.04931640625 0.64990234375 0.0107421875 0.0185546875
1 0.05712890625 0.63671875 0.0224609375 0.0302734375
1 0.06884765625 0.64404296875 0.0205078125 0.0224609375
1 0.05908203125 0.6572265625 0.0146484375 0.015625
1 0.07421875 0.6162109375 0.015625 0.0224609375
1 0.08203125 0.6103515625 0.0146484375 0.0146484375
1 0.0888671875 0.59765625 0.0146484375 0.0166015625
1 0.11376953125 0.580078125 0.01171875 0.0146484375
1 0.12451171875 0.58056640625 0.015625 0.01953125
1 0.33642578125 0.8076171875 0.0126953125 0.0224609375
1 0.15966796875 0.94091796875 0.0205078125 0.025390625
1 0.21533203125 0.94580078125 0.0146484375 0.0234375
1 0.22607421875 0.9365234375 0.0146484375 0.029296875