0 0.0224609375 0.66796875 0.0263671875 0.0576171875
0 0.03955078125 0.74267578125 0.02880859375 0.06298828125
0 0.0830078125 0.951171875 0.029296875 0.05712890625
0 0.23486328125 0.8662109375 0.0341796875 0.0537109375
0 0.423828125 0.85498046875 0.056640625 0.12353515625
0 0.47705078125 0.82568359375 0.02099609375 0.0498046875
0 0.5087890625 0.7421875 0.02099609375 0.0439453125
0 0.5419921875 0.65234375 0.0224609375 0.04638671875
0 0.36669921875 0.63037109375 0.0283203125 0.03076171875
0 0.3203125 0.4248046875 0.02978515625 0.029296875
0 0.2470703125 0.59326171875 0.03076171875 0.033203125
0 0.61865234375 0.1796875 0.0283203125 0.033203125
0 0.89990234375 0.1064453125 0.02783203125 0.04296875
0 0.79833984375 0.34814453125 0.02587890625 0.03271484375
0 0.7314453125 0.42041015625 0.02734375 0.03173828125
0 0.201171875 0.6982421875 0.0390625 0.06689453125
1 0.0830078125 0.9931640625 0.01708984375 0.01318359375
1 0.173828125 0.90087890625 0.02001953125 0.03125
1 0.16455078125 0.85986328125 0.021484375 0.03271484375
1 0.21630859375 0.7978515625 0.0126953125 0.0283203125
1 0.34619140625 0.88525390625 0.01123046875 0.0244140625
1 0.34521484375 0.90380859375 0.0078125 0.01806640625
1 0.2509765625 0.89599609375 0.0166015625 0.029296875
1 0.3076171875 0.72509765625 0.01318359375 0.0185546875
1 0.19580078125 0.4931640625 0.015625 0.0166015625
1 0.2119140625 0.46240234375 0.017578125 0.02490234375
1 0.22802734375 0.5029296875 0.01611328125 0.01611328125
1 0.21728515625 0.50537109375 0.01123046875 0.013671875
1 0.21484375 0.5205078125 0.0126953125 0.02001953125
1 0.2001953125 0.51953125 0.013671875 0.01953125
1 0.2294921875 0.1689453125 0.015625 0.021484375
1 0.22509765625 0.25830078125 0.01220703125 0.021484375
1 0.23828125 0.35546875 0.0126953125 0.01953125
1 0.2626953125 0.08203125 0.0185546875 0.0234375
1 0.3818359375 0.06689453125 0.01123046875 0.0361328125
1 0.41748046875 0.16064453125 0.00927734375 0.02099609375
1 0.41552734375 0.1826171875 0.01025390625 0.0146484375
1 0.4208984375 0.1953125 0.009765625 0.0185546875
1 0.41650390625 0.224609375 0.0107421875 0.0185546875
1 0.4150390625 0.2421875 0.01171875 0.01806640625
1 0.40966796875 0.29736328125 0.01171875 0.013671875
1 0.4423828125 0.29638671875 0.01123046875 0.0224609375
1 0.40869140625 0.310546875 0.01318359375 0.0146484375
1 0.4892578125 0.37939453125 0.00830078125 0.0166015625
1 0.48486328125 0.39990234375 0.00830078125 0.0166015625
1 0.470703125 0.40771484375 0.009765625 0.017578125
1 0.611328125 0.16650390625 0.00927734375 0.0185546875
1 0.7578125 0.013671875 0.01611328125 0.0244140625
1 0.7021484375 0.02099609375 0.0126953125 0.02294921875
1 0.6923828125 0.03173828125 0.00830078125 0.02587890625
1 0.73583984375 0.19873046875 0.00830078125 0.0166015625
1 0.76171875 0.1943359375 0.0107421875 0.0146484375
1 0.7607421875 0.20947265625 0.0107421875 0.0185546875
1 0.75439453125 0.31201171875 0.0107421875 0.0244140625
1 0.7685546875 0.341796875 0.01123046875 0.0224609375
1 0.77392578125 0.41796875 0.01123046875 0.02001953125
1 0.814453125 0.322265625 0.0107421875 0.0166015625
1 0.63232421875 0.89111328125 0.01513671875 0.01806640625
1 0.62060546875 0.9169921875 0.0107421875 0.0224609375
1 0.6162109375 0.9296875 0.01513671875 0.02001953125
1 0.423828125 0.98583984375 0.0126953125 0.0234375
1 0.4462890625 0.94970703125 0.0146484375 0.02587890625
1 0.49462890625 0.91845703125 0.0107421875 0.02001953125
1 0.4453125 0.9248046875 0.01025390625 0.02490234375
1 0.48486328125 0.98486328125 0.01123046875 0.0234375
1 0.49853515625 0.9814453125 0.01123046875 0.02685546875
1 0.5087890625 0.78369140625 0.01171875 0.017578125
1 0.53173828125 0.73095703125 0.01025390625 0.0234375
1 0.55078125 0.71435546875 0.0087890625 0.02099609375
1 0.60595703125 0.6162109375 0.0068359375 0.017578125
1 0.61181640625 0.5869140625 0.01123046875 0.02001953125
1 0.60986328125 0.5458984375 0.01123046875 0.021484375
1 0.6357421875 0.5283203125 0.013671875 0.02001953125
1 0.6376953125 0.5546875 0.0107421875 0.01953125
1 0.65869140625 0.5458984375 0.0087890625 0.0146484375
1 0.650390625 0.54541015625 0.0087890625 0.01513671875
1 0.65380859375 0.529296875 0.01025390625 0.0146484375
1 0.791015625 0.4150390625 0.01708984375 0.017578125
1 0.859375 0.3515625 0.00732421875 0.01611328125
1 0.849609375 0.35400390625 0.01416015625 0.0185546875
1 0.84521484375 0.3681640625 0.01171875 0.01513671875
1 0.869140625 0.30712890625 0.0146484375 0.0185546875
1 0.86865234375 0.26318359375 0.01611328125 0.02001953125
1 0.91064453125 0.2744140625 0.0068359375 0.0146484375
1 0.908203125 0.28564453125 0.0107421875 0.013671875
1 0.8974609375 0.271484375 0.01806640625 0.013671875
1 0.89404296875 0.28466796875 0.0166015625 0.0185546875
1 0.88916015625 0.314453125 0.0185546875 0.01806640625
1 0.87890625 0.33203125 0.0146484375 0.01513671875
1 0.97021484375 0.15283203125 0.01513671875 0.021484375
1 0.984375 0.1767578125 0.01953125 0.01806640625