0 0.98291015625 0.6513671875 0.0283203125 0.05859375
0 0.96875 0.7265625 0.03125 0.0634765625
0 0.9326171875 0.9365234375 0.03125 0.05859375
0 0.77783203125 0.85693359375 0.0361328125 0.0546875
0 0.58837890625 0.85205078125 0.060546875 0.125
0 0.5341796875 0.82470703125 0.0224609375 0.05078125
0 0.49951171875 0.7421875 0.0224609375 0.044921875
0 0.46337890625 0.65380859375 0.0244140625 0.046875
0 0.6376953125 0.62548828125 0.029296875 0.03125
0 0.6767578125 0.41845703125 0.03125 0.0302734375
0 0.755859375 0.58447265625 0.0322265625 0.0341796875
0 0.3701171875 0.18408203125 0.029296875 0.0341796875
0 0.08642578125 0.12060546875 0.029296875 0.0439453125
0 0.19677734375 0.35888671875 0.02734375 0.033203125
0 0.26611328125 0.4287109375 0.0283203125 0.0322265625
0 0.8056640625 0.6875 0.041015625 0.068359375
1 0.93408203125 0.978515625 0.017578125 0.013671875
1 0.83984375 0.88916015625 0.021484375 0.0322265625
1 0.84765625 0.84814453125 0.0224609375 0.033203125
1 0.7939453125 0.78759765625 0.013671875 0.0283203125
1 0.6669921875 0.8798828125 0.01171875 0.0244140625
1 0.6689453125 0.89794921875 0.0087890625 0.0185546875
1 0.7626953125 0.88720703125 0.017578125 0.0302734375
1 0.7001953125 0.71826171875 0.013671875 0.0185546875
1 0.8037109375 0.482421875 0.0166015625 0.017578125
1 0.78662109375 0.4521484375 0.0185546875 0.025390625
1 0.77197265625 0.49365234375 0.0166015625 0.0166015625
1 0.78271484375 0.49560546875 0.01171875 0.013671875
1 0.78564453125 0.5107421875 0.013671875 0.0205078125
1 0.80029296875 0.50927734375 0.0146484375 0.01953125
1 0.7587890625 0.15966796875 0.0166015625 0.0224609375
1 0.76611328125 0.2490234375 0.0126953125 0.021484375
1 0.75634765625 0.34619140625 0.013671875 0.01953125
1 0.72265625 0.07421875 0.01953125 0.0244140625
1 0.60302734375 0.06298828125 0.0126953125 0.0361328125
1 0.57080078125 0.158203125 0.009765625 0.021484375
1 0.5732421875 0.1796875 0.0107421875 0.0146484375
1 0.568359375 0.19287109375 0.0107421875 0.0185546875
1 0.57373046875 0.2216796875 0.01171875 0.0185546875
1 0.57568359375 0.2392578125 0.0126953125 0.0185546875
1 0.5830078125 0.29443359375 0.01171875 0.013671875
1 0.55029296875 0.29443359375 0.01171875 0.0224609375
1 0.58447265625 0.3076171875 0.013671875 0.0146484375
1 0.50634765625 0.37890625 0.0087890625 0.0166015625
1 0.51171875 0.3994140625 0.0087890625 0.0166015625
1 0.52587890625 0.40673828125 0.0107421875 0.017578125
1 0.376953125 0.17041015625 0.009765625 0.0185546875
1 0.2255859375 0.02294921875 0.0166015625 0.025390625
1 0.28125 0.0283203125 0.013671875 0.0234375
1 0.29150390625 0.03857421875 0.0087890625 0.0263671875
1 0.25390625 0.20703125 0.0087890625 0.0166015625
1 0.2275390625 0.20361328125 0.01171875 0.0146484375
1 0.2294921875 0.21875 0.01171875 0.0185546875
1 0.2392578125 0.32080078125 0.01171875 0.0244140625
1 0.22607421875 0.35107421875 0.01171875 0.0224609375
1 0.22314453125 0.427734375 0.01171875 0.0205078125
1 0.1796875 0.33349609375 0.01171875 0.0166015625
1 0.38134765625 0.8955078125 0.015625 0.0185546875
1 0.39404296875 0.9208984375 0.01171875 0.0224609375
1 0.39892578125 0.93359375 0.015625 0.0205078125
1 0.59326171875 0.98291015625 0.013671875 0.0234375
1 0.5693359375 0.94775390625 0.015625 0.0263671875
1 0.52001953125 0.91796875 0.01171875 0.0205078125
1 0.5693359375 0.9228515625 0.0107421875 0.025390625
1 0.5322265625 0.98388671875 0.01171875 0.0234375
1 0.51806640625 0.98095703125 0.01171875 0.02734375
1 0.5009765625 0.78369140625 0.0126953125 0.017578125
1 0.4765625 0.73193359375 0.0107421875 0.0234375
1 0.45654296875 0.7158203125 0.009765625 0.021484375
1 0.39794921875 0.61962890625 0.0078125 0.017578125
1 0.39111328125 0.5908203125 0.01171875 0.0205078125
1 0.3916015625 0.5498046875 0.01171875 0.021484375
1 0.365234375 0.533203125 0.0146484375 0.0205078125
1 0.3642578125 0.5595703125 0.01171875 0.01953125
1 0.3427734375 0.55126953125 0.009765625 0.0146484375
1 0.35107421875 0.55078125 0.009765625 0.015625
1 0.34716796875 0.53466796875 0.0107421875 0.0146484375
1 0.2060546875 0.42529296875 0.017578125 0.0185546875
1 0.1357421875 0.3642578125 0.0078125 0.0166015625
1 0.1455078125 0.3662109375 0.0146484375 0.0185546875
1 0.150390625 0.38037109375 0.0126953125 0.015625
1 0.12451171875 0.3203125 0.015625 0.01953125
1 0.12353515625 0.2763671875 0.0166015625 0.0205078125
1 0.08154296875 0.2890625 0.0078125 0.0146484375
1 0.08447265625 0.2998046875 0.0107421875 0.013671875
1 0.0947265625 0.28564453125 0.0185546875 0.0146484375
1 0.0986328125 0.29833984375 0.017578125 0.01953125
1 0.1044921875 0.328125 0.01953125 0.0185546875
1 0.115234375 0.34521484375 0.015625 0.015625
1 0.01806640625 0.16943359375 0.015625 0.0224609375
1 0.00732421875 0.19384765625 0.0146484375 0.0185546875