0 0.9873046875 0.37451171875 0.025390625 0.0595703125
0 0.97998046875 0.29833984375 0.0341796875 0.0654296875
0 0.95458984375 0.0869140625 0.0341796875 0.0595703125
0 0.7958984375 0.158203125 0.0390625 0.056640625
0 0.60693359375 0.15283203125 0.0673828125 0.1279296875
0 0.55126953125 0.177734375 0.025390625 0.0517578125
0 0.51220703125 0.2578125 0.0244140625 0.0458984375
0 0.4716796875 0.3447265625 0.0263671875 0.0478515625
0 0.64404296875 0.3818359375 0.03125 0.033203125
0 0.67236328125 0.59033203125 0.0322265625 0.0322265625
0 0.76025390625 0.42919921875 0.033203125 0.0361328125
0 0.35400390625 0.80859375 0.03125 0.03515625
0 0.0673828125 0.857421875 0.03125 0.044921875
0 0.189453125 0.62548828125 0.0283203125 0.03515625
0 0.2626953125 0.55908203125 0.0302734375 0.0341796875
0 0.81494140625 0.32861328125 0.044921875 0.0703125
1 0.95849609375 0.044921875 0.0185546875 0.0146484375
1 0.85986328125 0.12890625 0.0224609375 0.033203125
1 0.86572265625 0.1708984375 0.0244140625 0.0341796875
1 0.80859375 0.22802734375 0.0146484375 0.029296875
1 0.68701171875 0.12939453125 0.013671875 0.025390625
1 0.689453125 0.111328125 0.009765625 0.0185546875
1 0.78271484375 0.12744140625 0.01953125 0.0302734375
1 0.71142578125 0.29248046875 0.0146484375 0.01953125
1 0.80224609375 0.533203125 0.0166015625 0.017578125
1 0.78369140625 0.5625 0.01953125 0.0263671875
1 0.77099609375 0.52099609375 0.017578125 0.017578125
1 0.7822265625 0.51953125 0.0126953125 0.0146484375
1 0.78564453125 0.50439453125 0.0146484375 0.021484375
1 0.80029296875 0.5068359375 0.015625 0.0205078125
1 0.74072265625 0.853515625 0.017578125 0.0224609375
1 0.7529296875 0.7646484375 0.013671875 0.0224609375
1 0.748046875 0.6669921875 0.0146484375 0.0205078125
1 0.7001953125 0.93701171875 0.0205078125 0.025390625
1 0.580078125 0.94189453125 0.0146484375 0.037109375
1 0.552734375 0.84521484375 0.0107421875 0.021484375
1 0.556640625 0.82373046875 0.01171875 0.015625
1 0.55224609375 0.810546875 0.01171875 0.01953125
1 0.55908203125 0.78173828125 0.0126953125 0.01953125
1 0.56201171875 0.76416015625 0.013671875 0.0185546875
1 0.572265625 0.7099609375 0.0126953125 0.0146484375
1 0.53955078125 0.7080078125 0.0126953125 0.0234375
1 0.57421875 0.69677734375 0.0146484375 0.015625
1 0.5 0.62109375 0.009765625 0.017578125
1 0.50634765625 0.60107421875 0.009765625 0.017578125
1 0.52099609375 0.5947265625 0.01171875 0.0185546875
1 0.35986328125 0.82275390625 0.0107421875 0.01953125
1 0.20068359375 0.9619140625 0.0185546875 0.025390625
1 0.2568359375 0.95947265625 0.0146484375 0.0244140625
1 0.267578125 0.94970703125 0.0107421875 0.0263671875
1 0.23876953125 0.77978515625 0.009765625 0.017578125
1 0.21240234375 0.78173828125 0.01171875 0.015625
1 0.21484375 0.7666015625 0.0126953125 0.01953125
1 0.22998046875 0.6650390625 0.0126953125 0.025390625
1 0.21875 0.63427734375 0.0126953125 0.0234375
1 0.2197265625 0.5576171875 0.0126953125 0.0205078125
1 0.17138671875 0.6494140625 0.01171875 0.017578125
1 0.40234375 0.0986328125 0.0166015625 0.01953125
1 0.416015625 0.07421875 0.0126953125 0.0234375
1 0.421875 0.06201171875 0.0166015625 0.021484375
1 0.6181640625 0.0224609375 0.0146484375 0.0244140625
1 0.5927734375 0.056640625 0.0166015625 0.02734375
1 0.5419921875 0.08349609375 0.0126953125 0.0205078125
1 0.59130859375 0.08154296875 0.0126953125 0.025390625
1 0.55712890625 0.01806640625 0.013671875 0.0244140625
1 0.54345703125 0.0205078125 0.013671875 0.02734375
1 0.51611328125 0.216796875 0.013671875 0.0185546875
1 0.48828125 0.26708984375 0.0126953125 0.0244140625
1 0.46826171875 0.2822265625 0.0107421875 0.021484375
1 0.40478515625 0.375 0.0087890625 0.0185546875
1 0.39599609375 0.40380859375 0.0126953125 0.0205078125
1 0.39453125 0.44482421875 0.0126953125 0.0224609375
1 0.3671875 0.4599609375 0.015625 0.021484375
1 0.36767578125 0.43359375 0.0126953125 0.0205078125
1 0.345703125 0.4404296875 0.009765625 0.015625
1 0.35400390625 0.44189453125 0.009765625 0.015625
1 0.34912109375 0.45751953125 0.01171875 0.015625
1 0.20263671875 0.55908203125 0.0185546875 0.0185546875
1 0.12890625 0.61669921875 0.0087890625 0.0166015625
1 0.13916015625 0.61474609375 0.015625 0.01953125
1 0.14453125 0.60107421875 0.0126953125 0.015625
1 0.115234375 0.66015625 0.0166015625 0.01953125
1 0.1123046875 0.70361328125 0.017578125 0.021484375
1 0.0712890625 0.68896484375 0.0078125 0.015625
1 0.07470703125 0.677734375 0.01171875 0.0146484375
1 0.083984375 0.69287109375 0.01953125 0.015625
1 0.0888671875 0.68017578125 0.0185546875 0.01953125
1 0.09619140625 0.65087890625 0.0205078125 0.01953125
1 0.10791015625 0.63427734375 0.015625 0.0166015625
1 0.0048828125 0.80419921875 0.009765625 0.0224609375