0 0.04150390625 0.6328125 0.0634765625 0.076171875
0 0.0751953125 0.8759765625 0.04345703125 0.0703125
0 0.115234375 0.9345703125 0.0478515625 0.0810546875
0 0.24755859375 0.02587890625 0.0498046875 0.05126953125
0 0.3349609375 0.0244140625 0.052734375 0.048828125
0 0.734375 0.169921875 0.0537109375 0.05078125
0 0.78955078125 0.27001953125 0.06298828125 0.0478515625
0 0.927734375 0.2880859375 0.0498046875 0.04296875
0 0.89697265625 0.0703125 0.01904296875 0.04638671875
0 0.93359375 0.0390625 0.017578125 0.0439453125
0 0.4775390625 0.7822265625 0.0478515625 0.04296875
0 0.5625 0.96826171875 0.02880859375 0.06298828125
0 0.6708984375 0.921875 0.146484375 0.12158203125
0 0.78955078125 0.86376953125 0.03564453125 0.08349609375
0 0.845703125 0.8427734375 0.0380859375 0.08935546875
0 0.88037109375 0.826171875 0.0380859375 0.0859375
0 0.935546875 0.783203125 0.0341796875 0.08349609375
0 0.96484375 0.78662109375 0.029296875 0.080078125
0 0.98974609375 0.76513671875 0.0205078125 0.080078125