0 0.376953125 0.96826171875 0.0478515625 0.0625
0 0.4658203125 0.9697265625 0.052734375 0.060546875
0 0.52392578125 0.986328125 0.0537109375 0.02734375
0 0.86865234375 0.81494140625 0.0556640625 0.0537109375
0 0.92138671875 0.71630859375 0.064453125 0.048828125
0 0.9755859375 0.13818359375 0.0390625 0.0908203125
0 0.91845703125 0.11767578125 0.0380859375 0.0849609375
0 0.80078125 0.060546875 0.1513671875 0.1201171875
0 0.68896484375 0.0234375 0.0263671875 0.046875
0 0.23828125 0.04736328125 0.0478515625 0.0810546875
0 0.19873046875 0.10693359375 0.04296875 0.068359375
0 0.31982421875 0.25 0.0478515625 0.0556640625
0 0.04296875 0.33544921875 0.046875 0.076171875
0 0.1025390625 0.25 0.052734375 0.0859375