0 0.29736328125 0.06005859375 0.0576171875 0.0703125
0 0.384765625 0.04345703125 0.0625 0.068359375
0 0.43896484375 0.017578125 0.0576171875 0.03515625
0 0.80859375 0.1259765625 0.064453125 0.0625
0 0.87744140625 0.2138671875 0.072265625 0.0595703125
0 0.97607421875 0.8037109375 0.0478515625 0.08984375
0 0.87255859375 0.88037109375 0.169921875 0.14453125
0 0.76904296875 0.9365234375 0.0341796875 0.0498046875
0 0.32080078125 0.9736328125 0.0615234375 0.052734375
0 0.271484375 0.939453125 0.0546875 0.07421875
0 0.3662109375 0.77734375 0.056640625 0.0634765625
0 0.07861328125 0.7412109375 0.0595703125 0.0830078125
0 0.15185546875 0.8154296875 0.06640625 0.0927734375