0 0.90771484375 0.2861328125 0.0556640625 0.0810546875
0 0.837890625 0.20751953125 0.0595703125 0.08984375
0 0.72900390625 0.07373046875 0.0498046875 0.07421875
0 0.68359375 0.03125 0.056640625 0.0625
0 0.6923828125 0.25732421875 0.0556640625 0.064453125
0 0.640625 0.955078125 0.056640625 0.0703125
0 0.5517578125 0.9677734375 0.0595703125 0.0634765625
0 0.49365234375 0.98486328125 0.0556640625 0.0302734375
0 0.228515625 0.0458984375 0.0302734375 0.04296875
0 0.12060546875 0.0947265625 0.166015625 0.12890625
0 0.01611328125 0.16015625 0.0322265625 0.0859375
0 0.068359375 0.759765625 0.0693359375 0.0556640625
0 0.130859375 0.8544921875 0.060546875 0.05859375