0 0.376953125 0.03173828125 0.0478515625 0.06298828125
0 0.4658203125 0.0302734375 0.052734375 0.060546875
0 0.52392578125 0.013671875 0.0537109375 0.02734375
0 0.86865234375 0.18505859375 0.0556640625 0.0537109375
0 0.92138671875 0.28369140625 0.06494140625 0.048828125
0 0.9755859375 0.86181640625 0.03955078125 0.0908203125
0 0.91845703125 0.88232421875 0.0380859375 0.0849609375
0 0.80078125 0.939453125 0.1513671875 0.1201171875
0 0.68896484375 0.9765625 0.0263671875 0.04638671875
0 0.23828125 0.95263671875 0.0478515625 0.0810546875
0 0.19873046875 0.89306640625 0.04345703125 0.06787109375
0 0.31982421875 0.75 0.0478515625 0.0556640625
0 0.04296875 0.66455078125 0.046875 0.07568359375
0 0.1025390625 0.75 0.05224609375 0.08544921875