0 0.072265625 0.669921875 0.0478515625 0.076171875
0 0.13330078125 0.75537109375 0.05078125 0.08544921875
0 0.2275390625 0.89990234375 0.04296875 0.0703125
0 0.2666015625 0.958984375 0.0478515625 0.08203125
0 0.283203125 0.72119140625 0.04931640625 0.0595703125
0 0.40771484375 0.03271484375 0.0498046875 0.0654296875
0 0.49755859375 0.029296875 0.0537109375 0.05859375
0 0.55712890625 0.015625 0.05224609375 0.03125
0 0.72265625 0.97998046875 0.0263671875 0.0400390625
0 0.8349609375 0.94287109375 0.15478515625 0.11376953125
0 0.95263671875 0.888671875 0.0380859375 0.08203125
0 0.99462890625 0.8798828125 0.0107421875 0.0673828125
0 0.95654296875 0.28662109375 0.06494140625 0.048828125
0 0.904296875 0.18603515625 0.0556640625 0.052734375