0 0.12060546875 0.27197265625 0.0615234375 0.0986328125
0 0.33056640625 0.04541015625 0.033203125 0.078125
0 0.4287109375 0.10791015625 0.1455078125 0.126953125
0 0.54736328125 0.173828125 0.0361328125 0.08203125
0 0.6015625 0.1982421875 0.0400390625 0.0908203125
0 0.63427734375 0.21630859375 0.0400390625 0.0859375
0 0.685546875 0.26416015625 0.0341796875 0.0859375
0 0.712890625 0.26171875 0.029296875 0.0791015625
0 0.7431640625 0.28564453125 0.0361328125 0.080078125
0 0.7783203125 0.310546875 0.0380859375 0.08984375
0 0.83203125 0.33251953125 0.03515625 0.0751953125
0 0.8046875 0.31201171875 0.015625 0.0361328125
0 0.9189453125 0.48974609375 0.0556640625 0.048828125
0 0.99267578125 0.44384765625 0.0146484375 0.0439453125
0 0.9599609375 0.7421875 0.0517578125 0.0478515625
0 0.892578125 0.74072265625 0.056640625 0.0517578125
0 0.8173828125 0.740234375 0.0205078125 0.0380859375
0 0.80126953125 0.7431640625 0.01171875 0.041015625
0 0.7529296875 0.74560546875 0.0546875 0.0517578125
0 0.63623046875 0.7548828125 0.05078125 0.044921875
0 0.50048828125 0.76171875 0.064453125 0.052734375
0 0.4287109375 0.85595703125 0.052734375 0.0478515625
0 0.5791015625 0.9677734375 0.0107421875 0.044921875
0 0.61279296875 0.99072265625 0.0107421875 0.0185546875
0 0.7900390625 0.9150390625 0.06640625 0.0517578125
0 0.85595703125 0.91455078125 0.0595703125 0.048828125