0 0.052734375 0.60888671875 0.0576171875 0.08203125
0 0.1015625 0.70166015625 0.0625 0.091796875
0 0.17431640625 0.85791015625 0.052734375 0.0751953125
0 0.205078125 0.921875 0.05859375 0.087890625
0 0.25439453125 0.68896484375 0.056640625 0.0654296875
0 0.4736328125 0.02978515625 0.05859375 0.0595703125
0 0.56298828125 0.03369140625 0.0615234375 0.0654296875
0 0.6240234375 0.0283203125 0.0556640625 0.0380859375
0 0.6533203125 0.9921875 0.03125 0.015625
0 0.77001953125 0.958984375 0.1689453125 0.08203125
0 0.89404296875 0.94775390625 0.048828125 0.0869140625
0 0.93701171875 0.94482421875 0.01953125 0.068359375
0 0.97314453125 0.35205078125 0.0537109375 0.0576171875
0 0.94384765625 0.2451171875 0.0625 0.0595703125