0 0.96826171875 0.54248046875 0.0634765625 0.0869140625
0 0.98046875 0.78759765625 0.0390625 0.0771484375
0 0.96044921875 0.85302734375 0.0625 0.0888671875
0 0.6572265625 0.0078125 0.05859375 0.015625
0 0.57080078125 0.01513671875 0.0615234375 0.0302734375
0 0.20703125 0.220703125 0.0625 0.060546875
0 0.171875 0.32958984375 0.0712890625 0.05859375
0 0.03955078125 0.37353515625 0.056640625 0.0517578125
0 0.0283203125 0.15380859375 0.02734375 0.048828125
0 0.57568359375 0.77294921875 0.0546875 0.0517578125
0 0.52783203125 0.96875 0.0400390625 0.0625
0 0.41259765625 0.9365234375 0.1669921875 0.126953125
0 0.28515625 0.912109375 0.05078125 0.0888671875
0 0.22607421875 0.90234375 0.0546875 0.0947265625
0 0.18896484375 0.892578125 0.0537109375 0.091796875
0 0.12646484375 0.861328125 0.0498046875 0.0888671875
0 0.09814453125 0.8701171875 0.0439453125 0.083984375
0 0.06982421875 0.853515625 0.03515625 0.0830078125