0 0.0263671875 0.7001953125 0.052734375 0.0859375
0 0.1064453125 0.85107421875 0.0498046875 0.07421875
0 0.1396484375 0.9111328125 0.0556640625 0.0869140625
0 0.01806640625 0.53369140625 0.0361328125 0.0576171875
0 0.353515625 0.02294921875 0.0546875 0.0458984375
0 0.44189453125 0.02587890625 0.0576171875 0.0517578125
0 0.4990234375 0.01171875 0.048828125 0.0234375
0 0.82763671875 0.2060546875 0.0576171875 0.0546875
0 0.873046875 0.3095703125 0.068359375 0.0537109375
0 0.99072265625 0.33642578125 0.0185546875 0.0458984375
0 0.99365234375 0.11767578125 0.0126953125 0.0498046875
0 0.37158203125 0.7734375 0.0537109375 0.0517578125
0 0.58251953125 0.97607421875 0.0341796875 0.0478515625
0 0.6962890625 0.94091796875 0.158203125 0.1181640625
0 0.81884765625 0.90185546875 0.044921875 0.0869140625
0 0.876953125 0.88671875 0.0458984375 0.091796875
0 0.9140625 0.87255859375 0.0458984375 0.08984375
0 0.9638671875 0.83251953125 0.025390625 0.087890625