0 0.10546875 0.701171875 0.05517578125 0.09521484375
0 0.29931640625 0.94189453125 0.0283203125 0.076171875
0 0.4013671875 0.88623046875 0.1376953125 0.1171875
0 0.5244140625 0.82861328125 0.0302734375 0.080078125
0 0.580078125 0.80810546875 0.0341796875 0.08837890625
0 0.6142578125 0.79248046875 0.0341796875 0.083984375
0 0.66845703125 0.748046875 0.02880859375 0.083984375
0 0.69580078125 0.75244140625 0.0244140625 0.0771484375
0 0.7275390625 0.73095703125 0.0302734375 0.07861328125
0 0.7646484375 0.70849609375 0.0322265625 0.08740234375
0 0.8193359375 0.6904296875 0.0302734375 0.07373046875
0 0.791015625 0.708984375 0.01318359375 0.03564453125
0 0.9169921875 0.53955078125 0.052734375 0.044921875
0 0.99072265625 0.5908203125 0.0185546875 0.04296875
0 0.9755859375 0.29052734375 0.04833984375 0.044921875
0 0.908203125 0.287109375 0.0537109375 0.0478515625
0 0.83349609375 0.28271484375 0.01806640625 0.03662109375
0 0.8173828125 0.2783203125 0.00927734375 0.0400390625
0 0.76953125 0.2724609375 0.05126953125 0.0478515625
0 0.65380859375 0.25537109375 0.04833984375 0.04150390625
0 0.5185546875 0.23876953125 0.06103515625 0.048828125
0 0.45361328125 0.14013671875 0.04931640625 0.044921875
0 0.611328125 0.0390625 0.00732421875 0.04443359375
0 0.6474609375 0.013671875 0.0087890625 0.02685546875
0 0.818359375 0.1064453125 0.06298828125 0.0478515625
0 0.8837890625 0.111328125 0.056640625 0.044921875