0 0.04150390625 0.7412109375 0.0537109375 0.08203125
0 0.138671875 0.8837890625 0.04345703125 0.0703125
0 0.1767578125 0.94091796875 0.04833984375 0.08349609375
0 0.01953125 0.576171875 0.03857421875 0.0546875
0 0.31201171875 0.029296875 0.0498046875 0.05859375
0 0.400390625 0.0283203125 0.052734375 0.056640625
0 0.45654296875 0.01171875 0.04736328125 0.0234375
0 0.80078125 0.1787109375 0.0537109375 0.0498046875
0 0.85498046875 0.27783203125 0.06396484375 0.0478515625
0 0.9833984375 0.29345703125 0.03271484375 0.04296875
0 0.96484375 0.076171875 0.02001953125 0.0478515625
0 0.39599609375 0.78369140625 0.04931640625 0.0478515625
0 0.62451171875 0.97216796875 0.029296875 0.0556640625
0 0.7353515625 0.9306640625 0.14794921875 0.123046875
0 0.8525390625 0.87255859375 0.03759765625 0.08349609375
0 0.9091796875 0.8525390625 0.0380859375 0.0888671875
0 0.94482421875 0.8349609375 0.0380859375 0.0869140625
0 0.9912109375 0.791015625 0.017578125 0.0869140625
0 0.99560546875 0.044921875 0.0087890625 0.044921875