0 0.03125 0.45654296875 0.0625 0.0869140625
0 0.01953125 0.21142578125 0.0390625 0.0771484375
0 0.03955078125 0.14697265625 0.0625 0.0888671875
0 0.3427734375 0.99169921875 0.05859375 0.0166015625
0 0.42822265625 0.98486328125 0.0615234375 0.0302734375
0 0.79296875 0.779296875 0.0625 0.060546875
0 0.828125 0.67041015625 0.0712890625 0.05859375
0 0.96044921875 0.62646484375 0.056640625 0.0517578125
0 0.9716796875 0.84619140625 0.02734375 0.048828125
0 0.42431640625 0.22705078125 0.0546875 0.0517578125
0 0.47216796875 0.03076171875 0.0400390625 0.0615234375
0 0.58740234375 0.0634765625 0.1669921875 0.126953125
0 0.71484375 0.087890625 0.05078125 0.0888671875
0 0.77392578125 0.09765625 0.0546875 0.0947265625
0 0.81103515625 0.107421875 0.0537109375 0.091796875
0 0.87353515625 0.138671875 0.0498046875 0.0888671875
0 0.90185546875 0.1298828125 0.0439453125 0.083984375
0 0.93017578125 0.146484375 0.03515625 0.0830078125