0 0.02197265625 0.67529296875 0.0439453125 0.0888671875
0 0.0888671875 0.82958984375 0.052734375 0.0751953125
0 0.11865234375 0.8916015625 0.0595703125 0.08984375
0 0.01806640625 0.50830078125 0.0361328125 0.0595703125
0 0.37939453125 0.02001953125 0.0576171875 0.0400390625
0 0.466796875 0.025390625 0.060546875 0.05078125
0 0.52490234375 0.0126953125 0.0498046875 0.025390625
0 0.8427734375 0.2236328125 0.060546875 0.056640625
0 0.88232421875 0.32958984375 0.0703125 0.056640625
0 0.994140625 0.3623046875 0.01171875 0.046875
0 0.357421875 0.7666015625 0.0556640625 0.0546875
0 0.5576171875 0.9775390625 0.037109375 0.044921875
0 0.6728515625 0.94384765625 0.1640625 0.1123046875
0 0.79736328125 0.91796875 0.048828125 0.087890625
0 0.85595703125 0.90625 0.0498046875 0.09375
0 0.89404296875 0.8935546875 0.0498046875 0.091796875
0 0.94580078125 0.8564453125 0.029296875 0.0888671875