0 0.91357421875 0.65869140625 0.064453125 0.1005859375
0 0.74560546875 0.91845703125 0.0361328125 0.0791015625
0 0.638671875 0.8740234375 0.1494140625 0.130859375
0 0.51025390625 0.82958984375 0.0380859375 0.0830078125
0 0.45263671875 0.81494140625 0.04296875 0.091796875
0 0.4169921875 0.802734375 0.04296875 0.0869140625
0 0.3583984375 0.76416015625 0.037109375 0.0869140625
0 0.33154296875 0.771484375 0.0322265625 0.0791015625
0 0.2978515625 0.75341796875 0.0380859375 0.0810546875
0 0.2587890625 0.73486328125 0.041015625 0.08984375
0 0.2021484375 0.72265625 0.0380859375 0.076171875
0 0.232421875 0.73828125 0.0166015625 0.037109375
0 0.08935546875 0.5830078125 0.0576171875 0.0498046875
0 0.021484375 0.6416015625 0.0224609375 0.044921875
0 0.015625 0.34130859375 0.03125 0.0498046875
0 0.07177734375 0.3310546875 0.05859375 0.052734375
0 0.1455078125 0.31884765625 0.021484375 0.0380859375
0 0.1611328125 0.3125 0.013671875 0.041015625
0 0.2080078125 0.3017578125 0.0556640625 0.052734375
0 0.3212890625 0.27294921875 0.052734375 0.0458984375
0 0.4541015625 0.2421875 0.0654296875 0.0546875
0 0.50830078125 0.13720703125 0.0537109375 0.0498046875
0 0.34130859375 0.05322265625 0.01171875 0.044921875
0 0.302734375 0.03173828125 0.01171875 0.02734375
0 0.14208984375 0.14208984375 0.0673828125 0.0537109375
0 0.07763671875 0.15380859375 0.060546875 0.05078125