0 0.875 0.24072265625 0.0654296875 0.08203125
0 0.64013671875 0.044921875 0.0341796875 0.0791015625
0 0.54052734375 0.107421875 0.1435546875 0.123046875
0 0.42333984375 0.17138671875 0.0361328125 0.0830078125
0 0.36865234375 0.1962890625 0.0400390625 0.0888671875
0 0.33642578125 0.2158203125 0.0419921875 0.0888671875
0 0.28564453125 0.26220703125 0.0341796875 0.0830078125
0 0.25732421875 0.26123046875 0.0302734375 0.078125
0 0.2265625 0.28369140625 0.037109375 0.0810546875
0 0.19189453125 0.30810546875 0.0380859375 0.087890625
0 0.16552734375 0.3095703125 0.0146484375 0.03515625
0 0.13818359375 0.3291015625 0.037109375 0.076171875
0 0.140625 0.4560546875 0.0537109375 0.0498046875
0 0.02490234375 0.7412109375 0.021484375 0.041015625
0 0.0771484375 0.7392578125 0.0576171875 0.05078125
0 0.1513671875 0.73876953125 0.0205078125 0.037109375
0 0.16845703125 0.7412109375 0.01171875 0.0419921875
0 0.216796875 0.74609375 0.0537109375 0.0478515625
0 0.33349609375 0.751953125 0.05078125 0.04296875
0 0.4697265625 0.7607421875 0.064453125 0.0537109375
0 0.11181640625 0.9130859375 0.0595703125 0.0478515625
0 0.17724609375 0.912109375 0.06640625 0.0517578125
0 0.38671875 0.96533203125 0.015625 0.044921875
0 0.35498046875 0.98876953125 0.0107421875 0.0224609375