0 0.0927734375 0.29541015625 0.0654296875 0.08203125
0 0.2978515625 0.06884765625 0.0341796875 0.0791015625
0 0.4052734375 0.1171875 0.1435546875 0.123046875
0 0.5302734375 0.1640625 0.0361328125 0.0830078125
0 0.587890625 0.18115234375 0.0400390625 0.0888671875
0 0.62255859375 0.19580078125 0.0419921875 0.0888671875
0 0.67919921875 0.23486328125 0.0341796875 0.0830078125
0 0.70703125 0.2294921875 0.0302734375 0.078125
0 0.74072265625 0.24755859375 0.037109375 0.0810546875
0 0.7783203125 0.26708984375 0.0380859375 0.087890625
0 0.8046875 0.2646484375 0.0146484375 0.03515625
0 0.83447265625 0.2802734375 0.037109375 0.076171875
0 0.849609375 0.40673828125 0.0537109375 0.0498046875
0 0.99658203125 0.6728515625 0.0068359375 0.041015625
0 0.9521484375 0.677734375 0.0576171875 0.05078125
0 0.87841796875 0.68798828125 0.0205078125 0.037109375
0 0.86181640625 0.6923828125 0.01171875 0.0419921875
0 0.81494140625 0.7041015625 0.0537109375 0.0478515625
0 0.69970703125 0.7265625 0.05078125 0.04296875
0 0.56640625 0.75390625 0.064453125 0.0537109375
0 0.94189453125 0.85498046875 0.0595703125 0.0478515625
0 0.876953125 0.86328125 0.06640625 0.0517578125
0 0.6767578125 0.94482421875 0.015625 0.044921875
0 0.7119140625 0.96923828125 0.0107421875 0.033203125