0 0.10791015625 0.732421875 0.06005859375 0.07763671875
0 0.32861328125 0.9443359375 0.02880859375 0.07763671875
0 0.43212890625 0.888671875 0.1357421875 0.11376953125
0 0.5537109375 0.8330078125 0.03076171875 0.0810546875
0 0.60986328125 0.81201171875 0.03369140625 0.0869140625
0 0.6435546875 0.794921875 0.03564453125 0.0869140625
0 0.697265625 0.751953125 0.0283203125 0.0810546875
0 0.7255859375 0.75537109375 0.025390625 0.076171875
0 0.7578125 0.73486328125 0.03173828125 0.07861328125
0 0.7939453125 0.712890625 0.03173828125 0.08544921875
0 0.8203125 0.71337890625 0.0126953125 0.03466796875
0 0.84912109375 0.69580078125 0.03173828125 0.07421875
0 0.85546875 0.56884765625 0.05029296875 0.04638671875
0 0.99072265625 0.29248046875 0.0185546875 0.0400390625
0 0.9384765625 0.291015625 0.05419921875 0.04736328125
0 0.8642578125 0.2861328125 0.017578125 0.0361328125
0 0.84765625 0.28271484375 0.0087890625 0.041015625
0 0.7998046875 0.2744140625 0.05029296875 0.044921875
0 0.68359375 0.26025390625 0.0478515625 0.0400390625
0 0.54833984375 0.2421875 0.0615234375 0.04931640625
0 0.916015625 0.115234375 0.05712890625 0.0439453125
0 0.8505859375 0.111328125 0.06298828125 0.0478515625
0 0.6455078125 0.0439453125 0.01220703125 0.04443359375
0 0.6787109375 0.01708984375 0.0087890625 0.03271484375