0 0.45947265625 0.96337890625 0.0439453125 0.0732421875
0 0.55029296875 0.89111328125 0.158203125 0.1435546875
0 0.17138671875 0.83251953125 0.072265625 0.0751953125
0 0.6552734375 0.81103515625 0.0458984375 0.083984375
0 0.705078125 0.7783203125 0.052734375 0.0966796875
0 0.734375 0.75244140625 0.0517578125 0.0908203125
0 0.77783203125 0.7001953125 0.0478515625 0.0869140625
0 0.806640625 0.69580078125 0.0390625 0.0791015625
0 0.83203125 0.66796875 0.046875 0.08203125
0 0.86279296875 0.6396484375 0.05078125 0.0927734375
0 0.8876953125 0.63330078125 0.017578125 0.03515625
0 0.912109375 0.6083984375 0.048828125 0.08203125
0 0.81396484375 0.5283203125 0.0615234375 0.0595703125
0 0.81982421875 0.205078125 0.01953125 0.0419921875
0 0.8359375 0.20654296875 0.0263671875 0.04296875
0 0.76953125 0.208984375 0.060546875 0.056640625
0 0.6533203125 0.22119140625 0.0576171875 0.052734375
0 0.51806640625 0.23486328125 0.0703125 0.0615234375
0 0.43505859375 0.15283203125 0.0595703125 0.0595703125
0 0.56591796875 0.02099609375 0.0185546875 0.0419921875
0 0.90966796875 0.19384765625 0.0634765625 0.05859375
0 0.84814453125 0.02783203125 0.0654296875 0.0556640625
0 0.783203125 0.0380859375 0.072265625 0.060546875