0 0.3017578125 0.9267578125 0.0361328125 0.0810546875
0 0.41357421875 0.884765625 0.1484375 0.1318359375
0 0.07763671875 0.7001953125 0.0673828125 0.0703125
0 0.53955078125 0.84521484375 0.0390625 0.08203125
0 0.59765625 0.83154296875 0.0439453125 0.0947265625
0 0.6337890625 0.8173828125 0.0439453125 0.0888671875
0 0.6923828125 0.78271484375 0.0400390625 0.0849609375
0 0.72119140625 0.7890625 0.03125 0.078125
0 0.75439453125 0.771484375 0.0390625 0.0810546875
0 0.79345703125 0.75537109375 0.0419921875 0.091796875
0 0.818359375 0.7578125 0.0146484375 0.03515625
0 0.85009765625 0.74267578125 0.0419921875 0.080078125
0 0.78515625 0.6337890625 0.0576171875 0.0556640625
0 0.9013671875 0.33251953125 0.015625 0.041015625
0 0.91650390625 0.3388671875 0.0224609375 0.041015625
0 0.85302734375 0.318359375 0.056640625 0.0517578125
0 0.7392578125 0.29052734375 0.0537109375 0.0478515625
0 0.607421875 0.2568359375 0.06640625 0.056640625
0 0.5576171875 0.1513671875 0.0546875 0.0546875
0 0.72705078125 0.07080078125 0.0146484375 0.046875
0 0.765625 0.0458984375 0.0126953125 0.03515625
0 0.9794921875 0.35205078125 0.041015625 0.0537109375
0 0.97900390625 0.17431640625 0.0419921875 0.0517578125
0 0.92431640625 0.1630859375 0.068359375 0.0556640625