0 0.35546875 0.94775390625 0.02685546875 0.07861328125
0 0.4609375 0.892578125 0.1357421875 0.1162109375
0 0.10498046875 0.75 0.06005859375 0.06298828125
0 0.58154296875 0.837890625 0.029296875 0.0791015625
0 0.63720703125 0.8173828125 0.03271484375 0.091796875
0 0.67138671875 0.798828125 0.03369140625 0.08544921875
0 0.7255859375 0.75732421875 0.0302734375 0.08203125
0 0.7548828125 0.759765625 0.0224609375 0.076171875
0 0.78564453125 0.73828125 0.0302734375 0.07763671875
0 0.822265625 0.7177734375 0.03173828125 0.08837890625
0 0.84765625 0.71728515625 0.01025390625 0.0341796875
0 0.876953125 0.6982421875 0.03271484375 0.076171875
0 0.79931640625 0.59814453125 0.0517578125 0.04931640625
0 0.8779296875 0.28466796875 0.01123046875 0.0400390625
0 0.8935546875 0.28955078125 0.017578125 0.03955078125
0 0.828125 0.27685546875 0.0517578125 0.0458984375
0 0.7119140625 0.2626953125 0.048828125 0.04248046875
0 0.5771484375 0.24560546875 0.06103515625 0.04931640625
0 0.5146484375 0.14697265625 0.04931640625 0.04931640625
0 0.6728515625 0.04638671875 0.0087890625 0.04638671875
0 0.70849609375 0.01708984375 0.0087890625 0.0341796875
0 0.9677734375 0.2939453125 0.0537109375 0.0478515625
0 0.94580078125 0.11767578125 0.056640625 0.044921875
0 0.8798828125 0.11376953125 0.0634765625 0.0478515625