0 0.1005859375 0.76220703125 0.05859375 0.0439453125
0 0.38427734375 0.95263671875 0.0263671875 0.07275390625
0 0.48876953125 0.89697265625 0.13671875 0.1162109375
0 0.6103515625 0.83935546875 0.03173828125 0.080078125
0 0.66552734375 0.81884765625 0.03271484375 0.0869140625
0 0.69970703125 0.8017578125 0.03515625 0.0849609375
0 0.75439453125 0.75830078125 0.0302734375 0.08203125
0 0.7822265625 0.76318359375 0.0244140625 0.0771484375
0 0.81396484375 0.7412109375 0.0322265625 0.07861328125
0 0.85107421875 0.71875 0.03271484375 0.0859375
0 0.87744140625 0.71826171875 0.0126953125 0.02978515625
0 0.9072265625 0.70068359375 0.0302734375 0.072265625
0 0.74755859375 0.6298828125 0.04833984375 0.0498046875
0 0.98486328125 0.29296875 0.0302734375 0.04150390625
0 0.92236328125 0.29150390625 0.01953125 0.03955078125
0 0.90625 0.287109375 0.009765625 0.03955078125
0 0.857421875 0.28125 0.0517578125 0.04638671875
0 0.74169921875 0.26611328125 0.04736328125 0.04296875
0 0.60595703125 0.248046875 0.060546875 0.0478515625
0 0.54345703125 0.1484375 0.04931640625 0.04443359375
0 0.703125 0.048828125 0.00830078125 0.0439453125
0 0.7392578125 0.02001953125 0.0087890625 0.0390625
0 0.91064453125 0.1171875 0.0634765625 0.048828125
0 0.97412109375 0.12060546875 0.0517578125 0.044921875