0 0.830078125 0.15478515625 0.0673828125 0.0556640625
0 0.51025390625 0.03564453125 0.0419921875 0.0712890625
0 0.421875 0.11083984375 0.1591796875 0.1435546875
0 0.31591796875 0.1943359375 0.048828125 0.0849609375
0 0.26708984375 0.2265625 0.0517578125 0.091796875
0 0.2373046875 0.2509765625 0.0537109375 0.0908203125
0 0.19384765625 0.3056640625 0.0478515625 0.0869140625
0 0.166015625 0.30712890625 0.041015625 0.0810546875
0 0.1396484375 0.33544921875 0.048828125 0.083984375
0 0.10888671875 0.36572265625 0.05078125 0.0908203125
0 0.0830078125 0.3720703125 0.01953125 0.0322265625
0 0.05810546875 0.39599609375 0.0458984375 0.0771484375
0 0.2294921875 0.42919921875 0.05859375 0.0595703125
0 0.07421875 0.81103515625 0.0390625 0.046875
0 0.13525390625 0.79833984375 0.0283203125 0.04296875
0 0.15185546875 0.798828125 0.0185546875 0.041015625
0 0.201171875 0.79345703125 0.060546875 0.056640625
0 0.31689453125 0.7822265625 0.0556640625 0.052734375
0 0.45361328125 0.76953125 0.0693359375 0.060546875
0 0.53662109375 0.8525390625 0.0576171875 0.0546875
0 0.4033203125 0.9814453125 0.017578125 0.037109375
0 0.18603515625 0.96533203125 0.0732421875 0.0615234375
0 0.123046875 0.97412109375 0.060546875 0.0517578125