0 0.95361328125 0.35009765625 0.068359375 0.0576171875
0 0.72900390625 0.0927734375 0.0439453125 0.0771484375
0 0.61376953125 0.11962890625 0.162109375 0.1474609375
0 0.4814453125 0.1435546875 0.0517578125 0.0859375
0 0.4228515625 0.1494140625 0.0537109375 0.0927734375
0 0.38525390625 0.15673828125 0.0556640625 0.0908203125
0 0.3212890625 0.1845703125 0.05078125 0.0869140625
0 0.29541015625 0.1728515625 0.0439453125 0.0810546875
0 0.25927734375 0.185546875 0.0517578125 0.083984375
0 0.21728515625 0.19775390625 0.0537109375 0.091796875
0 0.19189453125 0.19140625 0.01953125 0.0322265625
0 0.15869140625 0.20068359375 0.0478515625 0.078125
0 0.29443359375 0.310546875 0.0595703125 0.060546875
0 0.0380859375 0.59228515625 0.029296875 0.04296875
0 0.052734375 0.6005859375 0.01953125 0.041015625
0 0.09814453125 0.61865234375 0.0615234375 0.05859375
0 0.2060546875 0.66357421875 0.056640625 0.0537109375
0 0.33251953125 0.7158203125 0.0712890625 0.0615234375
0 0.3671875 0.828125 0.0595703125 0.0556640625
0 0.18701171875 0.88330078125 0.01953125 0.044921875
0 0.14453125 0.90185546875 0.0185546875 0.0400390625
0 0.0205078125 0.76318359375 0.041015625 0.0634765625