0 0.0869140625 0.748046875 0.064453125 0.0595703125
0 0.009765625 0.93212890625 0.01953125 0.0595703125
0 0.4423828125 0.95849609375 0.0263671875 0.07763671875
0 0.54833984375 0.90576171875 0.14404296875 0.12060546875
0 0.66943359375 0.8466796875 0.0322265625 0.0810546875
0 0.7255859375 0.82666015625 0.03564453125 0.08740234375
0 0.75927734375 0.810546875 0.0361328125 0.0859375
0 0.814453125 0.76611328125 0.03173828125 0.08203125
0 0.8427734375 0.77099609375 0.0263671875 0.076171875
0 0.875 0.748046875 0.03271484375 0.0791015625
0 0.90966796875 0.728515625 0.029296875 0.08837890625
0 0.6474609375 0.69287109375 0.0478515625 0.048828125
0 0.98486328125 0.2978515625 0.0185546875 0.03759765625
0 0.96875 0.2939453125 0.01171875 0.041015625
0 0.919921875 0.287109375 0.0517578125 0.044921875
0 0.8037109375 0.271484375 0.0498046875 0.0390625
0 0.97119140625 0.12353515625 0.0576171875 0.0439453125
0 0.802734375 0.02392578125 0.01171875 0.04443359375
0 0.767578125 0.0546875 0.01220703125 0.0458984375
0 0.607421875 0.15576171875 0.05029296875 0.0498046875
0 0.21044921875 0.01708984375 0.0556640625 0.0341796875
0 0.1240234375 0.02001953125 0.044921875 0.03955078125
0 0.6669921875 0.25537109375 0.06005859375 0.04638671875
0 0.93896484375 0.72802734375 0.01318359375 0.033203125
0 0.9677734375 0.708984375 0.0341796875 0.07421875