0 0.1201171875 0.20361328125 0.0712890625 0.0673828125
0 0.06591796875 0.02099609375 0.0263671875 0.0419921875
0 0.498046875 0.0390625 0.03515625 0.078125
0 0.59765625 0.10302734375 0.1572265625 0.1376953125
0 0.71044921875 0.1767578125 0.0419921875 0.083984375
0 0.763671875 0.203125 0.0458984375 0.0908203125
0 0.79541015625 0.22314453125 0.0458984375 0.08984375
0 0.8447265625 0.2744140625 0.041015625 0.0849609375
0 0.873046875 0.27294921875 0.03515625 0.0791015625
0 0.90234375 0.29931640625 0.0419921875 0.08203125
0 0.9345703125 0.3232421875 0.0400390625 0.0908203125
0 0.669921875 0.32666015625 0.0537109375 0.0546875
0 0.95654296875 0.759765625 0.0234375 0.0400390625
0 0.93994140625 0.76171875 0.0166015625 0.0419921875
0 0.890625 0.7626953125 0.056640625 0.05078125
0 0.7734375 0.763671875 0.0537109375 0.044921875
0 0.921875 0.93115234375 0.0625 0.05078125
0 0.74267578125 0.9931640625 0.0166015625 0.013671875
0 0.71142578125 0.974609375 0.017578125 0.046875
0 0.564453125 0.85498046875 0.0556640625 0.0556640625
0 0.15380859375 0.94384765625 0.0595703125 0.041015625
0 0.068359375 0.9306640625 0.0498046875 0.044921875
0 0.6357421875 0.76318359375 0.0654296875 0.0537109375
0 0.96337890625 0.3271484375 0.017578125 0.0341796875
0 0.98388671875 0.349609375 0.0322265625 0.078125