0 0.08251953125 0.74072265625 0.0654296875 0.060546875
0 0.00634765625 0.92333984375 0.0126953125 0.0595703125
0 0.4345703125 0.95751953125 0.02734375 0.078125
0 0.541015625 0.90673828125 0.146484375 0.123046875
0 0.66357421875 0.849609375 0.033203125 0.08203125
0 0.7197265625 0.83056640625 0.037109375 0.087890625
0 0.75390625 0.81494140625 0.0380859375 0.0869140625
0 0.8095703125 0.771484375 0.033203125 0.0830078125
0 0.837890625 0.77685546875 0.02734375 0.076171875
0 0.87060546875 0.75439453125 0.0341796875 0.080078125
0 0.90576171875 0.73583984375 0.03125 0.0888671875
0 0.64404296875 0.6953125 0.048828125 0.0498046875
0 0.98828125 0.30615234375 0.01953125 0.0380859375
0 0.97216796875 0.30224609375 0.0126953125 0.041015625
0 0.92333984375 0.29443359375 0.052734375 0.0458984375
0 0.8076171875 0.27685546875 0.05078125 0.0400390625
0 0.97412109375 0.1318359375 0.0517578125 0.044921875
0 0.81103515625 0.029296875 0.0126953125 0.044921875
0 0.775390625 0.0595703125 0.0126953125 0.0458984375
0 0.61328125 0.15771484375 0.05078125 0.05078125
0 0.21875 0.0146484375 0.056640625 0.029296875
0 0.13232421875 0.0166015625 0.0458984375 0.033203125
0 0.67138671875 0.25830078125 0.060546875 0.0478515625
0 0.93505859375 0.73583984375 0.013671875 0.033203125
0 0.9638671875 0.71728515625 0.03515625 0.0751953125