0 0.1181640625 0.7919921875 0.07421875 0.0810546875
0 0.09716796875 0.97265625 0.0615234375 0.0546875
0 0.544921875 0.96142578125 0.0380859375 0.0771484375
0 0.640625 0.89306640625 0.16015625 0.140625
0 0.751953125 0.81640625 0.0458984375 0.0859375
0 0.8037109375 0.787109375 0.0498046875 0.0927734375
0 0.8349609375 0.7646484375 0.0498046875 0.091796875
0 0.88134765625 0.712890625 0.044921875 0.0869140625
0 0.91064453125 0.712890625 0.0400390625 0.08203125
0 0.93896484375 0.68603515625 0.044921875 0.0830078125
0 0.97265625 0.6611328125 0.0478515625 0.0908203125
0 0.994140625 0.65576171875 0.01171875 0.0400390625
0 0.958984375 0.2236328125 0.013671875 0.0439453125
0 0.912109375 0.2236328125 0.0595703125 0.052734375
0 0.79443359375 0.2265625 0.0556640625 0.048828125
0 0.6572265625 0.23193359375 0.0673828125 0.056640625
0 0.92236328125 0.0556640625 0.033203125 0.0478515625
0 0.72607421875 0.02001953125 0.0224609375 0.0400390625
0 0.5830078125 0.142578125 0.0576171875 0.0537109375
0 0.6357421875 0.703125 0.0546875 0.056640625
0 0.08349609375 0.07958984375 0.0537109375 0.0458984375
0 0.16943359375 0.06494140625 0.060546875 0.044921875