0 0.0810546875 0.26416015625 0.0654296875 0.0732421875
0 0.03271484375 0.06787109375 0.05078125 0.087890625
0 0.48046875 0.03662109375 0.02734375 0.0732421875
0 0.5849609375 0.09130859375 0.1455078125 0.123046875
0 0.70556640625 0.1513671875 0.0341796875 0.0830078125
0 0.7607421875 0.17333984375 0.0380859375 0.0888671875
0 0.794921875 0.19091796875 0.0390625 0.087890625
0 0.84814453125 0.23583984375 0.033203125 0.0830078125
0 0.876953125 0.23193359375 0.029296875 0.0791015625
0 0.90869140625 0.2548828125 0.0341796875 0.080078125
0 0.94580078125 0.27490234375 0.0361328125 0.087890625
0 0.9716796875 0.2763671875 0.0146484375 0.0380859375
0 0.99072265625 0.2939453125 0.0185546875 0.076171875
0 0.9931640625 0.7099609375 0.0078125 0.04296875
0 0.9462890625 0.71630859375 0.0537109375 0.0458984375
0 0.82958984375 0.72998046875 0.0498046875 0.0419921875
0 0.69287109375 0.74365234375 0.0615234375 0.048828125
0 0.98046875 0.880859375 0.02734375 0.0439453125
0 0.826171875 0.97802734375 0.013671875 0.0439453125
0 0.79150390625 0.9462890625 0.0166015625 0.044921875
0 0.6318359375 0.84228515625 0.0517578125 0.046875
0 0.6064453125 0.2802734375 0.048828125 0.05078125
0 0.14599609375 0.97412109375 0.048828125 0.0400390625
0 0.2333984375 0.97705078125 0.0556640625 0.037109375