0 0.0771484375 0.728515625 0.06396484375 0.072265625
0 0.025390625 0.923828125 0.048828125 0.0869140625
0 0.47216796875 0.962890625 0.0263671875 0.07421875
0 0.57763671875 0.91015625 0.1435546875 0.1201171875
0 0.69921875 0.85205078125 0.033203125 0.08203125
0 0.7548828125 0.8310546875 0.0361328125 0.08837890625
0 0.78955078125 0.81396484375 0.037109375 0.0869140625
0 0.84326171875 0.77001953125 0.0322265625 0.08251953125
0 0.8720703125 0.7744140625 0.0283203125 0.07861328125
0 0.904296875 0.75244140625 0.033203125 0.0791015625
0 0.94189453125 0.73291015625 0.03466796875 0.0869140625
0 0.9677734375 0.73193359375 0.013671875 0.0380859375
0 0.9892578125 0.71435546875 0.021484375 0.07568359375
0 0.99658203125 0.298828125 0.0068359375 0.04296875
0 0.9501953125 0.29150390625 0.052734375 0.044921875
0 0.83349609375 0.27587890625 0.04931640625 0.04150390625
0 0.697265625 0.259765625 0.06103515625 0.0478515625
0 0.98681640625 0.12744140625 0.0263671875 0.0439453125
0 0.83447265625 0.02734375 0.0126953125 0.04443359375
0 0.79931640625 0.05908203125 0.015625 0.04443359375
0 0.6376953125 0.16015625 0.05126953125 0.04638671875
0 0.6025390625 0.7216796875 0.0478515625 0.0498046875
0 0.154296875 0.01953125 0.0478515625 0.0390625
0 0.24169921875 0.0185546875 0.05517578125 0.03662109375