0 0.00634765625 0.83544921875 0.0126953125 0.0888671875
0 0.03759765625 0.61376953125 0.0751953125 0.0869140625
0 0.73046875 0.201171875 0.060546875 0.0576171875
0 0.7685546875 0.31103515625 0.0703125 0.0595703125
0 0.5126953125 0.75146484375 0.0556640625 0.0556640625
0 0.4130859375 0.955078125 0.041015625 0.076171875
0 0.52734375 0.9267578125 0.1640625 0.1455078125
0 0.65673828125 0.89208984375 0.048828125 0.0869140625
0 0.71484375 0.8828125 0.052734375 0.09375
0 0.751953125 0.873046875 0.0546875 0.09375
0 0.814453125 0.8408203125 0.0478515625 0.0869140625
0 0.841796875 0.85009765625 0.04296875 0.0830078125
0 0.8779296875 0.8349609375 0.048828125 0.0849609375
0 0.91796875 0.82080078125 0.0517578125 0.091796875
0 0.94140625 0.826171875 0.013671875 0.037109375
0 0.90869140625 0.13330078125 0.0244140625 0.0498046875
0 0.9501953125 0.10888671875 0.0234375 0.0458984375
0 0.8994140625 0.35400390625 0.056640625 0.048828125
0 0.990234375 0.39111328125 0.01953125 0.0556640625