0 0.87744140625 0.03173828125 0.0537109375 0.0634765625
0 0.828125 0.01025390625 0.06640625 0.0205078125
0 0.87109375 0.201171875 0.0791015625 0.0888671875
0 0.9228515625 0.88720703125 0.0595703125 0.0546875
0 0.837890625 0.91064453125 0.060546875 0.0517578125
0 0.4169921875 0.8681640625 0.0625 0.0595703125
0 0.33642578125 0.78466796875 0.072265625 0.0625
0 0.3818359375 0.27734375 0.0576171875 0.0576171875
0 0.38671875 0.05078125 0.044921875 0.0771484375
0 0.294921875 0.125 0.1689453125 0.15234375
0 0.1923828125 0.2109375 0.052734375 0.087890625
0 0.14306640625 0.24365234375 0.056640625 0.0947265625
0 0.1142578125 0.26806640625 0.05859375 0.0947265625
0 0.0712890625 0.32421875 0.0517578125 0.087890625
0 0.04248046875 0.3271484375 0.046875 0.0830078125
0 0.02099609375 0.35546875 0.0419921875 0.0859375
0 0.00634765625 0.38525390625 0.0126953125 0.0927734375
0 0.28466796875 0.98974609375 0.0263671875 0.0205078125
0 0.19970703125 0.80126953125 0.0576171875 0.05078125
0 0.08642578125 0.81298828125 0.0556640625 0.056640625