0 0.0185546875 0.8701171875 0.037109375 0.072265625
0 0.0546875 0.9287109375 0.048828125 0.08056640625
0 0.0673828125 0.7001953125 0.0625 0.076171875
0 0.18359375 0.02197265625 0.05029296875 0.0439453125
0 0.271484375 0.02001953125 0.052734375 0.0400390625
0 0.66943359375 0.16259765625 0.0517578125 0.048828125
0 0.7275390625 0.26318359375 0.0625 0.048828125
0 0.560546875 0.74462890625 0.0478515625 0.0478515625
0 0.50146484375 0.96337890625 0.02783203125 0.072265625
0 0.6083984375 0.91357421875 0.14404296875 0.12060546875
0 0.728515625 0.85498046875 0.0341796875 0.08203125
0 0.7841796875 0.8349609375 0.03662109375 0.0888671875
0 0.818359375 0.818359375 0.0380859375 0.08837890625
0 0.87353515625 0.7744140625 0.03271484375 0.08251953125
0 0.90234375 0.7783203125 0.0283203125 0.07861328125
0 0.93505859375 0.7568359375 0.0341796875 0.080078125
0 0.9716796875 0.7353515625 0.0361328125 0.0869140625
0 0.99560546875 0.73583984375 0.00732421875 0.0361328125
0 0.8310546875 0.06201171875 0.015625 0.04736328125
0 0.8671875 0.0302734375 0.01513671875 0.0439453125
0 0.8642578125 0.2802734375 0.0498046875 0.0400390625
0 0.97705078125 0.29638671875 0.0458984375 0.04736328125