0 0.8671875 0.04052734375 0.056640625 0.0771484375
0 0.81591796875 0.01806640625 0.0634765625 0.0361328125
0 0.3720703125 0.05029296875 0.0400390625 0.0712890625
0 0.42724609375 0.24267578125 0.0576171875 0.0576171875
0 0.2763671875 0.11962890625 0.16796875 0.1494140625
0 0.17138671875 0.20263671875 0.0498046875 0.0859375
0 0.12060546875 0.23388671875 0.0546875 0.0947265625
0 0.0908203125 0.2578125 0.0556640625 0.0927734375
0 0.0458984375 0.31201171875 0.048828125 0.0859375
0 0.01904296875 0.31298828125 0.0380859375 0.0810546875
0 0.0068359375 0.3408203125 0.013671875 0.0859375
0 0.060546875 0.80224609375 0.0234375 0.044921875
0 0.15771484375 0.79345703125 0.0576171875 0.05078125
0 0.29443359375 0.78125 0.0712890625 0.060546875
0 0.876953125 0.90673828125 0.0595703125 0.0576171875
0 0.791015625 0.92626953125 0.060546875 0.0546875
0 0.90087890625 0.2431640625 0.0771484375 0.087890625
0 0.37109375 0.86865234375 0.060546875 0.0576171875
0 0.23388671875 0.9873046875 0.0263671875 0.025390625