0 0.04541015625 0.873046875 0.04345703125 0.0693359375
0 0.08544921875 0.93115234375 0.0478515625 0.0810546875
0 0.53173828125 0.96630859375 0.02685546875 0.0673828125
0 0.517578125 0.7666015625 0.04833984375 0.048828125
0 0.6396484375 0.91845703125 0.1455078125 0.12158203125
0 0.759765625 0.859375 0.0341796875 0.0810546875
0 0.81591796875 0.83935546875 0.03662109375 0.0888671875
0 0.85009765625 0.82177734375 0.0380859375 0.0869140625
0 0.9052734375 0.7783203125 0.03271484375 0.0810546875
0 0.93408203125 0.783203125 0.02880859375 0.0771484375
0 0.966796875 0.76171875 0.0341796875 0.08056640625
0 0.99267578125 0.7392578125 0.0146484375 0.0869140625
0 0.99267578125 0.2958984375 0.0146484375 0.04296875
0 0.89599609375 0.2841796875 0.0498046875 0.04150390625
0 0.759765625 0.267578125 0.06201171875 0.048828125
0 0.2158203125 0.02392578125 0.05078125 0.0478515625
0 0.30419921875 0.0224609375 0.052734375 0.044921875
0 0.0546875 0.66796875 0.06298828125 0.076171875
0 0.70263671875 0.166015625 0.0517578125 0.0478515625
0 0.86376953125 0.06640625 0.01708984375 0.04638671875
0 0.90087890625 0.0341796875 0.0166015625 0.044921875