0 0.82373046875 0.71337890625 0.064453125 0.0556640625
0 0.6943359375 0.9423828125 0.0341796875 0.1064453125
0 0.6513671875 0.96826171875 0.02734375 0.05859375
0 0.4912109375 0.6513671875 0.0673828125 0.0625
0 0.72021484375 0.1123046875 0.0361328125 0.1142578125
0 0.63330078125 0.1455078125 0.02734375 0.1103515625
0 0.63427734375 0.0458984375 0.0263671875 0.091796875
0 0.33251953125 0.19482421875 0.0439453125 0.1298828125
0 0.13037109375 0.208984375 0.0361328125 0.1201171875
0 0.1689453125 0.1123046875 0.03125 0.1123046875
0 0.21630859375 0.1875 0.0302734375 0.1044921875
0 0.0869140625 0.2890625 0.0478515625 0.1025390625
0 0.05419921875 0.1728515625 0.0322265625 0.1328125
0 0.17041015625 0.33447265625 0.07421875 0.05078125
0 0.2802734375 0.3984375 0.181640625 0.0966796875
0 0.28466796875 0.50537109375 0.0771484375 0.0634765625
0 0.228515625 0.64306640625 0.06640625 0.060546875
0 0.01123046875 0.671875 0.017578125 0.05859375
0 0.50537109375 0.0751953125 0.0625 0.060546875
0 0.50537109375 0.017578125 0.0634765625 0.03515625
1 0.57373046875 0.2861328125 0.0126953125 0.01953125
1 0.6142578125 0.2744140625 0.013671875 0.0263671875
1 0.4345703125 0.34423828125 0.0107421875 0.0185546875
1 0.46337890625 0.34423828125 0.009765625 0.021484375
1 0.44677734375 0.34814453125 0.0107421875 0.01953125
1 0.4765625 0.35107421875 0.0107421875 0.01953125
1 0.5341796875 0.3466796875 0.009765625 0.015625