0 0.18017578125 0.71875 0.0634765625 0.05419921875
0 0.3134765625 0.94580078125 0.03271484375 0.10546875
0 0.35693359375 0.970703125 0.02587890625 0.05810546875
0 0.51123046875 0.6513671875 0.06640625 0.06103515625
0 0.27294921875 0.1162109375 0.03369140625 0.11376953125
0 0.3603515625 0.14794921875 0.02587890625 0.10986328125
0 0.357421875 0.04736328125 0.02490234375 0.09326171875
0 0.662109375 0.19189453125 0.0419921875 0.12939453125
0 0.8642578125 0.20263671875 0.03369140625 0.11962890625
0 0.82421875 0.1064453125 0.02880859375 0.1123046875
0 0.7783203125 0.1826171875 0.02880859375 0.10400390625
0 0.9091796875 0.28173828125 0.0458984375 0.1015625
0 0.93994140625 0.1650390625 0.0302734375 0.1318359375
0 0.82666015625 0.32861328125 0.0732421875 0.0498046875
0 0.7177734375 0.39453125 0.1796875 0.09326171875
0 0.71533203125 0.50146484375 0.07568359375 0.0625
0 0.77392578125 0.63818359375 0.06494140625 0.0595703125
0 0.99169921875 0.6630859375 0.0166015625 0.05810546875
0 0.4873046875 0.0751953125 0.0615234375 0.0595703125
0 0.48583984375 0.017578125 0.0625 0.03466796875
1 0.42236328125 0.28759765625 0.0126953125 0.01953125
1 0.3818359375 0.2763671875 0.01318359375 0.0263671875
1 0.5625 0.34326171875 0.01025390625 0.01806640625
1 0.53369140625 0.34375 0.00927734375 0.02099609375
1 0.55078125 0.34716796875 0.01025390625 0.01953125
1 0.52099609375 0.3505859375 0.01025390625 0.01953125
1 0.46337890625 0.34716796875 0.00927734375 0.01513671875