0 0.81201171875 0.72998046875 0.0654296875 0.056640625
0 0.67041015625 0.94921875 0.0361328125 0.1015625
0 0.62646484375 0.97314453125 0.0283203125 0.0537109375
0 0.4833984375 0.65087890625 0.068359375 0.0634765625
0 0.740234375 0.12451171875 0.0380859375 0.115234375
0 0.65185546875 0.15283203125 0.029296875 0.1103515625
0 0.658203125 0.052734375 0.0283203125 0.09375
0 0.3486328125 0.1865234375 0.046875 0.130859375
0 0.146484375 0.18994140625 0.0380859375 0.12109375
0 0.18994140625 0.09521484375 0.0322265625 0.11328125
0 0.23291015625 0.17333984375 0.0322265625 0.1044921875
0 0.0986328125 0.267578125 0.0498046875 0.103515625
0 0.07177734375 0.14990234375 0.03515625 0.1328125
0 0.1796875 0.3173828125 0.0751953125 0.052734375
0 0.2861328125 0.38720703125 0.1826171875 0.099609375
0 0.28466796875 0.494140625 0.078125 0.0654296875
0 0.22119140625 0.62841796875 0.0673828125 0.0615234375
0 0.005859375 0.6455078125 0.01171875 0.05859375
0 0.52734375 0.07568359375 0.0634765625 0.0615234375
0 0.53076171875 0.0185546875 0.0634765625 0.037109375
1 0.5849609375 0.29052734375 0.013671875 0.01953125
1 0.6259765625 0.28076171875 0.013671875 0.0263671875
1 0.44287109375 0.34130859375 0.0107421875 0.0185546875
1 0.4716796875 0.3427734375 0.009765625 0.021484375
1 0.45458984375 0.345703125 0.0107421875 0.01953125
1 0.484375 0.35009765625 0.0107421875 0.01953125
1 0.5419921875 0.3486328125 0.009765625 0.015625