0 0.08349609375 0.12646484375 0.0361328125 0.12353515625
0 0.01318359375 0.15625 0.0263671875 0.1123046875
0 0.05615234375 0.236328125 0.04541015625 0.1015625
0 0.04296875 0.37646484375 0.0859375 0.07373046875
0 0.21044921875 0.283203125 0.06787109375 0.048828125
0 0.2802734375 0.28173828125 0.0732421875 0.05810546875
0 0.34619140625 0.15625 0.03125 0.13037109375
0 0.3759765625 0.154296875 0.0322265625 0.1279296875
0 0.40380859375 0.1474609375 0.03125 0.13330078125
0 0.1513671875 0.37353515625 0.0615234375 0.05810546875
0 0.1728515625 0.46728515625 0.0595703125 0.05126953125
0 0.10205078125 0.5859375 0.0673828125 0.04736328125
0 0.369140625 0.38671875 0.06396484375 0.0498046875
0 0.36376953125 0.46044921875 0.0654296875 0.0595703125
0 0.40771484375 0.654296875 0.0263671875 0.03173828125
0 0.22314453125 0.92138671875 0.0322265625 0.13330078125
0 0.298828125 0.919921875 0.02978515625 0.134765625
0 0.51513671875 0.71337890625 0.07421875 0.05126953125
0 0.5986328125 0.6435546875 0.06396484375 0.0595703125
0 0.68017578125 0.4833984375 0.07275390625 0.0498046875
0 0.5478515625 0.423828125 0.07177734375 0.06396484375
0 0.5595703125 0.27490234375 0.0498046875 0.052734375
0 0.6875 0.1328125 0.0341796875 0.1181640625
0 0.82177734375 0.56591796875 0.0751953125 0.0498046875
0 0.919921875 0.36865234375 0.06494140625 0.0458984375
0 0.9873046875 0.0966796875 0.02490234375 0.12060546875
0 0.92626953125 0.076171875 0.0595703125 0.15234375
0 0.57177734375 0.93505859375 0.0341796875 0.1298828125