0 0.13232421875 0.92138671875 0.05078125 0.126953125
0 0.05859375 0.900390625 0.0400390625 0.1142578125
0 0.091796875 0.81591796875 0.0576171875 0.1064453125
0 0.0615234375 0.67822265625 0.0947265625 0.083984375
0 0.2392578125 0.75048828125 0.0732421875 0.056640625
0 0.30859375 0.74365234375 0.080078125 0.06640625
0 0.38916015625 0.85986328125 0.046875 0.1328125
0 0.4189453125 0.8583984375 0.0478515625 0.130859375
0 0.447265625 0.86181640625 0.046875 0.1357421875
0 0.16943359375 0.66796875 0.068359375 0.0654296875
0 0.17919921875 0.572265625 0.0654296875 0.05859375
0 0.0947265625 0.46337890625 0.072265625 0.0556640625
0 0.3837890625 0.62841796875 0.0693359375 0.0576171875
0 0.36962890625 0.5556640625 0.072265625 0.0673828125
0 0.3896484375 0.35791015625 0.0302734375 0.03515625
0 0.173828125 0.11572265625 0.0478515625 0.13671875
0 0.2490234375 0.10791015625 0.0458984375 0.1376953125
0 0.4892578125 0.2861328125 0.080078125 0.0595703125
0 0.58056640625 0.345703125 0.0703125 0.0673828125
0 0.6806640625 0.49462890625 0.078125 0.05859375
0 0.556640625 0.56982421875 0.0791015625 0.072265625
0 0.58642578125 0.71630859375 0.0556640625 0.05859375
0 0.73095703125 0.841796875 0.0478515625 0.12109375
0 0.8115234375 0.3955078125 0.0810546875 0.05859375
0 0.9326171875 0.5791015625 0.0703125 0.0537109375
0 0.9677734375 0.8681640625 0.064453125 0.158203125
0 0.51806640625 0.06298828125 0.0498046875 0.1259765625