0 0.07080078125 0.85888671875 0.0400390625 0.125
0 0.00830078125 0.826171875 0.0166015625 0.11328125
0 0.04736328125 0.748046875 0.048828125 0.103515625
0 0.04150390625 0.60693359375 0.0830078125 0.0771484375
0 0.203125 0.70654296875 0.0693359375 0.05078125
0 0.27294921875 0.71044921875 0.0751953125 0.060546875
0 0.33447265625 0.83837890625 0.0361328125 0.1318359375
0 0.36376953125 0.84130859375 0.037109375 0.12890625
0 0.3916015625 0.84912109375 0.0361328125 0.134765625
0 0.14697265625 0.6142578125 0.0634765625 0.060546875
0 0.171875 0.521484375 0.0615234375 0.0537109375
0 0.10546875 0.400390625 0.0693359375 0.0498046875
0 0.365234375 0.60888671875 0.0654296875 0.0517578125
0 0.3623046875 0.53466796875 0.0673828125 0.0615234375
0 0.4130859375 0.3427734375 0.02734375 0.0322265625
0 0.23779296875 0.0693359375 0.037109375 0.134765625
0 0.3134765625 0.0732421875 0.0341796875 0.1357421875
0 0.5224609375 0.287109375 0.076171875 0.0537109375
0 0.603515625 0.35986328125 0.06640625 0.0615234375
0 0.6796875 0.52294921875 0.07421875 0.052734375
0 0.544921875 0.57763671875 0.07421875 0.06640625
0 0.5517578125 0.72705078125 0.0517578125 0.0546875
0 0.6748046875 0.87353515625 0.0380859375 0.119140625
0 0.82373046875 0.4453125 0.0771484375 0.052734375
0 0.9150390625 0.64599609375 0.06640625 0.0478515625
0 0.97314453125 0.919921875 0.029296875 0.12109375
0 0.9111328125 0.9306640625 0.064453125 0.138671875
0 0.5869140625 0.06787109375 0.0390625 0.130859375