0 0.96923828125 0.72705078125 0.0615234375 0.05078125
0 0.90087890625 0.7236328125 0.0771484375 0.056640625
0 0.837890625 0.8505859375 0.03125 0.123046875
0 0.80712890625 0.8505859375 0.0361328125 0.125
0 0.6318359375 0.73193359375 0.06640625 0.0546875
0 0.49755859375 0.87939453125 0.029296875 0.130859375
0 0.49365234375 0.595703125 0.0615234375 0.0546875
0 0.7802734375 0.53125 0.0703125 0.0625
0 0.72216796875 0.427734375 0.0654296875 0.0654296875
0 0.91455078125 0.6220703125 0.060546875 0.0546875
0 0.96728515625 0.54638671875 0.0654296875 0.0595703125
0 0.93798828125 0.36962890625 0.0693359375 0.05078125
0 0.86328125 0.30126953125 0.0703125 0.0556640625
0 0.9599609375 0.0859375 0.0419921875 0.13671875
0 0.884765625 0.0859375 0.0361328125 0.1279296875
0 0.60888671875 0.0703125 0.0361328125 0.115234375
0 0.1494140625 0.64599609375 0.0703125 0.0595703125
0 0.1962890625 0.91162109375 0.0322265625 0.119140625
0 0.27099609375 0.92724609375 0.0439453125 0.1455078125
0 0.1220703125 0.9189453125 0.0380859375 0.123046875
0 0.087890625 0.9130859375 0.029296875 0.1181640625