0 0.08251953125 0.1875 0.0703125 0.0625
0 0.14892578125 0.2041015625 0.0869140625 0.0703125
0 0.2353515625 0.09130859375 0.0546875 0.126953125
0 0.265625 0.09716796875 0.0595703125 0.1298828125
0 0.4150390625 0.2470703125 0.0751953125 0.0654296875
0 0.57470703125 0.1279296875 0.0537109375 0.1337890625
0 0.5244140625 0.4072265625 0.0703125 0.0654296875
0 0.23095703125 0.416015625 0.0810546875 0.0751953125
0 0.26806640625 0.5283203125 0.0771484375 0.0771484375
0 0.1162109375 0.30126953125 0.0693359375 0.064453125
0 0.05029296875 0.365234375 0.0751953125 0.0712890625
0 0.04541015625 0.54443359375 0.078125 0.0634765625
0 0.10546875 0.6259765625 0.080078125 0.068359375
0 0.04345703125 0.8330078125 0.0595703125 0.1328125
0 0.31103515625 0.90087890625 0.0576171875 0.1201171875
0 0.8720703125 0.42333984375 0.080078125 0.072265625
0 0.87646484375 0.15380859375 0.0546875 0.1240234375
0 0.80615234375 0.12451171875 0.0712890625 0.1513671875
0 0.95068359375 0.16064453125 0.060546875 0.12890625
0 0.97900390625 0.1728515625 0.0419921875 0.12109375