0 0.03076171875 0.27294921875 0.0615234375 0.05126953125
0 0.09912109375 0.2763671875 0.0771484375 0.05712890625
0 0.162109375 0.1494140625 0.03125 0.12353515625
0 0.19287109375 0.1494140625 0.0361328125 0.125
0 0.3681640625 0.26806640625 0.06640625 0.05419921875
0 0.50244140625 0.12060546875 0.02978515625 0.13037109375
0 0.50634765625 0.404296875 0.0615234375 0.05419921875
0 0.2197265625 0.46875 0.0703125 0.0625
0 0.27783203125 0.572265625 0.0654296875 0.0654296875
0 0.08544921875 0.3779296875 0.06005859375 0.05419921875
0 0.03271484375 0.45361328125 0.0654296875 0.0595703125
0 0.06201171875 0.63037109375 0.0693359375 0.05126953125
0 0.13671875 0.69873046875 0.0703125 0.0556640625
0 0.0400390625 0.9140625 0.0419921875 0.13623046875
0 0.115234375 0.9140625 0.0361328125 0.1279296875
0 0.39111328125 0.9296875 0.0361328125 0.115234375
0 0.8505859375 0.35400390625 0.0703125 0.0595703125
0 0.8037109375 0.08837890625 0.0322265625 0.11962890625
0 0.72900390625 0.07275390625 0.0439453125 0.1455078125
0 0.8779296875 0.0810546875 0.0380859375 0.12353515625
0 0.912109375 0.0869140625 0.02880859375 0.1181640625