0 0.7666015625 0.96337890625 0.05078125 0.0732421875
0 0.72265625 0.9775390625 0.033203125 0.044921875
0 0.8203125 0.75927734375 0.072265625 0.0654296875
0 0.9638671875 0.70263671875 0.0361328125 0.0517578125
0 0.90771484375 0.16259765625 0.044921875 0.125
0 0.81787109375 0.18115234375 0.0458984375 0.103515625
0 0.8330078125 0.08056640625 0.0400390625 0.0888671875
0 0.5146484375 0.18505859375 0.0556640625 0.125
0 0.400390625 0.16162109375 0.0478515625 0.1123046875
0 0.3642578125 0.0830078125 0.04296875 0.1142578125
0 0.37255859375 0.01318359375 0.0302734375 0.0263671875
0 0.2451171875 0.12890625 0.052734375 0.1357421875
0 0.3154296875 0.16796875 0.0478515625 0.12109375
0 0.2607421875 0.24462890625 0.056640625 0.111328125
0 0.33544921875 0.30224609375 0.078125 0.068359375
0 0.5107421875 0.38720703125 0.1865234375 0.1044921875
0 0.64404296875 0.4912109375 0.080078125 0.0712890625
0 0.09619140625 0.26611328125 0.0712890625 0.068359375
0 0.0439453125 0.2587890625 0.04296875 0.0654296875
0 0.1943359375 0.6279296875 0.0732421875 0.0654296875
0 0.01220703125 0.888671875 0.0244140625 0.109375
0 0.70556640625 0.66162109375 0.060546875 0.0498046875
0 0.70361328125 0.08544921875 0.0595703125 0.060546875
0 0.7099609375 0.0380859375 0.0595703125 0.0361328125
1 0.74609375 0.306640625 0.0185546875 0.021484375
1 0.64501953125 0.3466796875 0.013671875 0.0234375
1 0.6171875 0.34716796875 0.0126953125 0.01953125
1 0.59375 0.34375 0.0107421875 0.0146484375