0 0.1767578125 0.9462890625 0.03759765625 0.10693359375
0 0.21826171875 0.962890625 0.0244140625 0.07421875
0 0.150390625 0.71826171875 0.0654296875 0.05810546875
0 0.01513671875 0.64453125 0.0302734375 0.048828125
0 0.13623046875 0.115234375 0.02978515625 0.1220703125
0 0.22314453125 0.14453125 0.0341796875 0.10009765625
0 0.220703125 0.04296875 0.02978515625 0.0859375
0 0.52392578125 0.185546875 0.04150390625 0.12060546875
0 0.64013671875 0.17626953125 0.03515625 0.1083984375
0 0.685546875 0.1025390625 0.02978515625 0.111328125
0 0.6865234375 0.0224609375 0.02490234375 0.04443359375
0 0.79833984375 0.16259765625 0.03662109375 0.1318359375
0 0.7236328125 0.19287109375 0.03369140625 0.1181640625
0 0.7685546875 0.27587890625 0.0439453125 0.10693359375
0 0.6875 0.32373046875 0.07177734375 0.0595703125
0 0.5029296875 0.38671875 0.17724609375 0.08349609375
0 0.35791015625 0.4736328125 0.0732421875 0.0625
0 0.92919921875 0.31689453125 0.06396484375 0.06103515625
0 0.98193359375 0.31591796875 0.0361328125 0.06103515625
0 0.78759765625 0.6640625 0.06640625 0.05810546875
0 0.94970703125 0.947265625 0.0380859375 0.10546875
0 0.2763671875 0.63525390625 0.05615234375 0.04296875
0 0.3486328125 0.06396484375 0.05322265625 0.05419921875
0 0.34765625 0.01611328125 0.05615234375 0.029296875
1 0.279296875 0.2783203125 0.0166015625 0.01953125
1 0.375 0.330078125 0.0107421875 0.0224609375
1 0.40234375 0.333984375 0.0107421875 0.01806640625
1 0.42578125 0.33349609375 0.00927734375 0.013671875