0 0.2333984375 0.0361328125 0.05078125 0.072265625
0 0.2763671875 0.02197265625 0.033203125 0.0439453125
0 0.1796875 0.24072265625 0.072265625 0.0654296875
0 0.0361328125 0.29736328125 0.0361328125 0.0517578125
0 0.09228515625 0.83740234375 0.044921875 0.125
0 0.18212890625 0.81884765625 0.0458984375 0.103515625
0 0.1669921875 0.91943359375 0.0400390625 0.0888671875
0 0.4853515625 0.81494140625 0.0556640625 0.125
0 0.599609375 0.83837890625 0.0478515625 0.1123046875
0 0.6357421875 0.9169921875 0.04296875 0.1142578125
0 0.62646484375 0.986328125 0.0302734375 0.02734375
0 0.7548828125 0.87109375 0.052734375 0.1357421875
0 0.6845703125 0.83203125 0.0478515625 0.12109375
0 0.7392578125 0.75537109375 0.056640625 0.111328125
0 0.66455078125 0.69775390625 0.078125 0.068359375
0 0.4892578125 0.61279296875 0.1865234375 0.1044921875
0 0.35595703125 0.5087890625 0.080078125 0.0712890625
0 0.90380859375 0.73388671875 0.0712890625 0.068359375
0 0.9560546875 0.7412109375 0.04296875 0.0654296875
0 0.8056640625 0.3720703125 0.0732421875 0.0654296875
0 0.98779296875 0.1103515625 0.0244140625 0.109375
0 0.29443359375 0.33837890625 0.060546875 0.0498046875
0 0.29638671875 0.91455078125 0.0595703125 0.060546875
0 0.2900390625 0.9619140625 0.0595703125 0.0361328125
1 0.25390625 0.693359375 0.0185546875 0.021484375
1 0.35498046875 0.6533203125 0.013671875 0.0234375
1 0.3828125 0.65283203125 0.0126953125 0.01953125
1 0.40625 0.65625 0.0107421875 0.0146484375