0 0.9375 0.27197265625 0.0625 0.0625
0 0.98828125 0.79638671875 0.0234375 0.1240234375
0 0.9169921875 0.78271484375 0.0517578125 0.109375
0 0.9365234375 0.87890625 0.0458984375 0.08984375
0 0.80859375 0.50732421875 0.0859375 0.095703125
0 0.7333984375 0.3134765625 0.08203125 0.080078125
0 0.81201171875 0.02392578125 0.0537109375 0.0478515625
0 0.642578125 0.24755859375 0.0791015625 0.0703125
0 0.44873046875 0.3544921875 0.068359375 0.0654296875
0 0.61474609375 0.8046875 0.064453125 0.1357421875
0 0.6083984375 0.595703125 0.1923828125 0.123046875
0 0.4267578125 0.69677734375 0.080078125 0.06640625
0 0.4150390625 0.83642578125 0.0576171875 0.126953125
0 0.47216796875 0.91455078125 0.0498046875 0.1181640625
0 0.48828125 0.984375 0.0390625 0.03125
0 0.50244140625 0.83447265625 0.0576171875 0.11328125
0 0.357421875 0.76416015625 0.064453125 0.1083984375
0 0.35205078125 0.876953125 0.0576171875 0.138671875
0 0.19580078125 0.75048828125 0.0751953125 0.0595703125
0 0.12255859375 0.76220703125 0.0849609375 0.0693359375
0 0.08544921875 0.6767578125 0.130859375 0.0966796875
0 0.087890625 0.412109375 0.072265625 0.06640625
0 0.033203125 0.345703125 0.06640625 0.0703125
0 0.0546875 0.13427734375 0.0556640625 0.1171875
0 0.8076171875 0.88427734375 0.064453125 0.0654296875
1 0.7958984375 0.64892578125 0.01953125 0.0234375
1 0.7294921875 0.63134765625 0.0146484375 0.0185546875
1 0.6826171875 0.63671875 0.013671875 0.0146484375
1 0.70556640625 0.63330078125 0.0166015625 0.0205078125