0 0.9296875 0.2568359375 0.064453125 0.0634765625
0 0.99267578125 0.779296875 0.0146484375 0.125
0 0.9267578125 0.76806640625 0.0556640625 0.1103515625
0 0.94970703125 0.86328125 0.048828125 0.0908203125
0 0.80908203125 0.49658203125 0.0888671875 0.09765625
0 0.7265625 0.30517578125 0.083984375 0.08203125
0 0.7939453125 0.0185546875 0.056640625 0.037109375
0 0.63330078125 0.24267578125 0.080078125 0.072265625
0 0.44384765625 0.35595703125 0.0693359375 0.0673828125
0 0.62548828125 0.80029296875 0.068359375 0.1357421875
0 0.611328125 0.591796875 0.1943359375 0.1279296875
0 0.43359375 0.69921875 0.08203125 0.068359375
0 0.4267578125 0.8388671875 0.0615234375 0.126953125
0 0.48681640625 0.91552734375 0.0537109375 0.119140625
0 0.50537109375 0.984375 0.0400390625 0.03125
0 0.51416015625 0.833984375 0.0615234375 0.1142578125
0 0.36669921875 0.76904296875 0.0673828125 0.109375
0 0.365234375 0.8818359375 0.0615234375 0.138671875
0 0.205078125 0.76123046875 0.0771484375 0.0615234375
0 0.13232421875 0.775390625 0.0859375 0.0712890625
0 0.09228515625 0.69091796875 0.1328125 0.099609375
0 0.0849609375 0.42626953125 0.0732421875 0.068359375
0 0.03076171875 0.3623046875 0.0615234375 0.072265625
0 0.04248046875 0.14990234375 0.0595703125 0.1171875
0 0.82080078125 0.87353515625 0.0654296875 0.06640625
1 0.80126953125 0.638671875 0.01953125 0.0244140625
1 0.73388671875 0.62353515625 0.015625 0.0185546875
1 0.6875 0.6298828125 0.0146484375 0.0146484375
1 0.7099609375 0.6259765625 0.0166015625 0.0205078125