0 0.02685546875 0.64013671875 0.0537109375 0.052734375
0 0.0595703125 0.11181640625 0.03662109375 0.11962890625
0 0.14453125 0.14306640625 0.03271484375 0.10546875
0 0.1435546875 0.044921875 0.02978515625 0.0859375
0 0.1982421875 0.43408203125 0.07177734375 0.08349609375
0 0.2353515625 0.638671875 0.0703125 0.06787109375
0 0.09619140625 0.94189453125 0.0322265625 0.11376953125
0 0.140625 0.96533203125 0.0224609375 0.0693359375
0 0.31201171875 0.720703125 0.06884765625 0.05810546875
0 0.5224609375 0.65283203125 0.05859375 0.0556640625
0 0.4453125 0.17919921875 0.04052734375 0.13037109375
0 0.412109375 0.38525390625 0.1787109375 0.09033203125
0 0.609375 0.32080078125 0.0712890625 0.05419921875
0 0.6474609375 0.18603515625 0.03515625 0.1220703125
0 0.6064453125 0.09814453125 0.02880859375 0.115234375
0 0.60546875 0.01953125 0.0322265625 0.0390625
0 0.5615234375 0.17138671875 0.0380859375 0.1083984375
0 0.6904296875 0.26806640625 0.0458984375 0.1015625
0 0.71728515625 0.158203125 0.0322265625 0.134765625
0 0.84619140625 0.31201171875 0.06787109375 0.04736328125
0 0.92041015625 0.314453125 0.07568359375 0.0556640625
0 0.9404296875 0.40576171875 0.11865234375 0.0751953125
0 0.8876953125 0.6650390625 0.0625 0.0556640625
0 0.9345703125 0.74169921875 0.06787109375 0.05810546875
0 0.94140625 0.94873046875 0.0380859375 0.1025390625
0 0.8671875 0.94384765625 0.03515625 0.1123046875
0 0.271484375 0.06396484375 0.0546875 0.0556640625
1 0.23779296875 0.29736328125 0.015625 0.02099609375
1 0.2998046875 0.3271484375 0.01171875 0.0166015625
1 0.3466796875 0.3310546875 0.01171875 0.0126953125
1 0.32373046875 0.330078125 0.01318359375 0.01806640625