0 0.93408203125 0.267578125 0.0810546875 0.060546875
0 0.9658203125 0.04833984375 0.03515625 0.0966796875
0 0.92822265625 0.02490234375 0.0283203125 0.0498046875
0 0.9443359375 0.6181640625 0.0693359375 0.119140625
0 0.95166015625 0.84423828125 0.041015625 0.11328125
0 0.9560546875 0.9404296875 0.041015625 0.0888671875
0 0.65185546875 0.8125 0.0439453125 0.1396484375
0 0.53955078125 0.8291015625 0.0341796875 0.119140625
0 0.45166015625 0.8125 0.0380859375 0.1328125
0 0.494140625 0.90625 0.0361328125 0.1083984375
0 0.49609375 0.98046875 0.02734375 0.0390625
0 0.38037109375 0.849609375 0.0419921875 0.1328125
0 0.4033203125 0.72998046875 0.0478515625 0.10546875
0 0.48388671875 0.6826171875 0.0771484375 0.05859375
0 0.677734375 0.60986328125 0.18359375 0.1044921875
0 0.755859375 0.34326171875 0.078125 0.068359375
0 0.326171875 0.275390625 0.0732421875 0.0654296875
0 0.38916015625 0.35400390625 0.0634765625 0.060546875
0 0.21728515625 0.60009765625 0.1259765625 0.087890625
0 0.17236328125 0.69921875 0.0751953125 0.052734375
0 0.244140625 0.6962890625 0.072265625 0.046875
0 0.0478515625 0.8369140625 0.0400390625 0.1416015625
0 0.078125 0.82275390625 0.0390625 0.1259765625
0 0.11279296875 0.8212890625 0.0322265625 0.1259765625
0 0.01708984375 0.61767578125 0.0283203125 0.0537109375
0 0.2041015625 0.06787109375 0.0419921875 0.1162109375
0 0.1298828125 0.06396484375 0.0400390625 0.103515625
0 0.82861328125 0.92578125 0.056640625 0.0546875
1 0.84130859375 0.68603515625 0.0146484375 0.0224609375
1 0.85791015625 0.7060546875 0.0166015625 0.021484375
1 0.7822265625 0.6552734375 0.01953125 0.0185546875