0 0.05810546875 0.71728515625 0.0791015625 0.05810546875
0 0.0185546875 0.939453125 0.03125 0.10546875
0 0.05517578125 0.9677734375 0.0263671875 0.064453125
0 0.06005859375 0.3662109375 0.0654296875 0.11669921875
0 0.060546875 0.14013671875 0.03759765625 0.1123046875
0 0.0595703125 0.0439453125 0.03759765625 0.08740234375
0 0.359375 0.1826171875 0.0390625 0.138671875
0 0.47216796875 0.169921875 0.0302734375 0.1181640625
0 0.55908203125 0.189453125 0.03369140625 0.1318359375
0 0.52001953125 0.09423828125 0.0322265625 0.10693359375
0 0.52001953125 0.01953125 0.0263671875 0.0390625
0 0.6318359375 0.15478515625 0.03759765625 0.1318359375
0 0.6044921875 0.2734375 0.0439453125 0.10400390625
0 0.5224609375 0.31787109375 0.0751953125 0.0556640625
0 0.326171875 0.3837890625 0.1806640625 0.0986328125
0 0.23876953125 0.64794921875 0.07568359375 0.0654296875
0 0.666015625 0.73046875 0.0712890625 0.0625
0 0.60546875 0.64990234375 0.0615234375 0.05810546875
0 0.7861328125 0.40966796875 0.12353515625 0.08349609375
0 0.83447265625 0.3125 0.0732421875 0.0498046875
0 0.7626953125 0.31298828125 0.0703125 0.04443359375
0 0.9638671875 0.17919921875 0.03515625 0.14013671875
0 0.93310546875 0.1923828125 0.03515625 0.125
0 0.89794921875 0.1923828125 0.0283203125 0.125
0 0.98681640625 0.3994140625 0.0263671875 0.052734375
0 0.78076171875 0.9423828125 0.03759765625 0.115234375
0 0.8544921875 0.94873046875 0.0361328125 0.1025390625
0 0.1865234375 0.06298828125 0.0546875 0.052734375
1 0.16552734375 0.30224609375 0.01416015625 0.0224609375
1 0.1494140625 0.28173828125 0.015625 0.02099609375
1 0.22314453125 0.3349609375 0.0185546875 0.01806640625