0 0.03515625 0.36279296875 0.0703125 0.0712890625
0 0.08984375 0.7080078125 0.0849609375 0.1259765625
0 0.1298828125 0.9306640625 0.056640625 0.1171875
0 0.14501953125 0.9892578125 0.0517578125 0.021484375
0 0.41650390625 0.8369140625 0.0625 0.1435546875
0 0.52978515625 0.830078125 0.05078125 0.1220703125
0 0.6123046875 0.79541015625 0.0556640625 0.1357421875
0 0.59033203125 0.89599609375 0.05078125 0.111328125
0 0.60302734375 0.9697265625 0.033203125 0.04296875
0 0.68994140625 0.81689453125 0.0595703125 0.13671875
0 0.64208984375 0.705078125 0.0615234375 0.1103515625
0 0.5537109375 0.67529296875 0.083984375 0.068359375
0 0.34912109375 0.64453125 0.1953125 0.12890625
0 0.21728515625 0.39990234375 0.0859375 0.0771484375
0 0.62353515625 0.244140625 0.0810546875 0.07421875
0 0.57763671875 0.333984375 0.0703125 0.068359375
0 0.79736328125 0.5390625 0.1357421875 0.103515625
0 0.86181640625 0.62646484375 0.0810546875 0.0615234375
0 0.791015625 0.638671875 0.0771484375 0.0556640625
0 0.99169921875 0.7353515625 0.0166015625 0.14453125
0 0.9755859375 0.7275390625 0.048828125 0.12890625
0 0.9453125 0.73388671875 0.0498046875 0.1279296875
0 0.98974609375 0.5146484375 0.0205078125 0.056640625
0 0.69921875 0.03759765625 0.056640625 0.0751953125
0 0.77099609375 0.02490234375 0.0537109375 0.0498046875
0 0.26708984375 0.97705078125 0.0634765625 0.0458984375
1 0.205078125 0.7529296875 0.017578125 0.0244140625
1 0.19287109375 0.77587890625 0.0185546875 0.0234375
1 0.255859375 0.71044921875 0.021484375 0.021484375