0 0.5390625 0.73974609375 0.0732421875 0.0634765625
0 0.63134765625 0.6796875 0.0712890625 0.068359375
0 0.78466796875 0.451171875 0.2021484375 0.1279296875
0 0.9814453125 0.171875 0.037109375 0.064453125
0 0.79931640625 0.24560546875 0.0703125 0.1357421875
0 0.68994140625 0.2099609375 0.052734375 0.107421875
0 0.6064453125 0.3388671875 0.083984375 0.078125
0 0.60400390625 0.20361328125 0.0595703125 0.12890625
0 0.6669921875 0.123046875 0.05078125 0.1083984375
0 0.54150390625 0.15380859375 0.068359375 0.140625
0 0.54248046875 0.26806640625 0.0654296875 0.1181640625
0 0.37939453125 0.275390625 0.0693359375 0.0654296875
0 0.31005859375 0.2587890625 0.0888671875 0.080078125
0 0.1982421875 0.3212890625 0.083984375 0.078125
0 0.2158203125 0.09375 0.0673828125 0.142578125
0 0.2421875 0.1181640625 0.0625 0.134765625
0 0.275390625 0.12158203125 0.0615234375 0.12109375
0 0.041015625 0.62744140625 0.078125 0.0751953125
0 0.1376953125 0.86767578125 0.0615234375 0.1171875
0 0.2080078125 0.8837890625 0.0615234375 0.119140625
1 0.9453125 0.4140625 0.025390625 0.03125
1 0.8779296875 0.41796875 0.0244140625 0.021484375