0 0.404296875 0.72314453125 0.0634765625 0.0498046875
0 0.3291015625 0.642578125 0.06005859375 0.0556640625
0 0.2353515625 0.3837890625 0.1875 0.0849609375
0 0.0947265625 0.060546875 0.0625 0.05126953125
0 0.27099609375 0.1806640625 0.0400390625 0.13037109375
0 0.3857421875 0.17236328125 0.0283203125 0.10400390625
0 0.435546875 0.31787109375 0.0712890625 0.0625
0 0.470703125 0.18701171875 0.0302734375 0.125
0 0.42919921875 0.09375 0.02587890625 0.10546875
0 0.54345703125 0.154296875 0.03662109375 0.13623046875
0 0.5146484375 0.2646484375 0.0390625 0.1123046875
0 0.67138671875 0.31103515625 0.05859375 0.052734375
0 0.74267578125 0.31201171875 0.07568359375 0.06396484375
0 0.8359375 0.3994140625 0.0712890625 0.0625
0 0.8740234375 0.17431640625 0.03515625 0.1376953125
0 0.8427734375 0.19189453125 0.0322265625 0.13037109375
0 0.8095703125 0.18701171875 0.0341796875 0.11669921875
0 0.91455078125 0.73486328125 0.0654296875 0.06103515625
0 0.7626953125 0.9443359375 0.0361328125 0.111328125
0 0.6904296875 0.94287109375 0.03515625 0.11376953125
1 0.0888671875 0.30908203125 0.01953125 0.02783203125
1 0.1533203125 0.3291015625 0.02099609375 0.0166015625