0 0.42822265625 0.73193359375 0.068359375 0.056640625
0 0.3447265625 0.65966796875 0.0654296875 0.0615234375
0 0.224609375 0.412109375 0.1953125 0.1044921875
0 0.05078125 0.10546875 0.0673828125 0.0576171875
0 0.23876953125 0.20654296875 0.0537109375 0.1337890625
0 0.35205078125 0.18603515625 0.0390625 0.1064453125
0 0.4169921875 0.32568359375 0.0771484375 0.0693359375
0 0.43798828125 0.19189453125 0.04296875 0.1279296875
0 0.38720703125 0.103515625 0.037109375 0.107421875
0 0.50732421875 0.15185546875 0.05078125 0.1396484375
0 0.48974609375 0.2646484375 0.05078125 0.1162109375
0 0.65087890625 0.2939453125 0.0634765625 0.05859375
0 0.7216796875 0.28759765625 0.08203125 0.0712890625
0 0.82373046875 0.36474609375 0.0771484375 0.0693359375
0 0.837890625 0.13720703125 0.0498046875 0.140625
0 0.80859375 0.15771484375 0.0458984375 0.1328125
0 0.775390625 0.15625 0.0458984375 0.1201171875
0 0.93701171875 0.6904296875 0.0712890625 0.0673828125
0 0.8076171875 0.91455078125 0.0478515625 0.1142578125
0 0.73583984375 0.92041015625 0.046875 0.1171875
1 0.0712890625 0.35302734375 0.0224609375 0.029296875
1 0.13720703125 0.3662109375 0.0224609375 0.0185546875