0 0.90771484375 0.26708984375 0.0732421875 0.07421875
0 0.88330078125 0.74072265625 0.068359375 0.1337890625
0 0.875 0.53662109375 0.2099609375 0.1376953125
0 0.77392578125 0.775390625 0.052734375 0.1015625
0 0.6962890625 0.6416015625 0.08203125 0.0703125
0 0.62890625 0.71337890625 0.0625 0.1103515625
0 0.6259765625 0.82861328125 0.0625 0.138671875
0 0.68798828125 0.77880859375 0.0625 0.130859375
0 0.7490234375 0.8623046875 0.0595703125 0.1162109375
0 0.46533203125 0.70361328125 0.072265625 0.0615234375
0 0.39306640625 0.72216796875 0.0849609375 0.0771484375
0 0.30126953125 0.88134765625 0.0625 0.138671875
0 0.33056640625 0.86669921875 0.0634765625 0.12890625
0 0.359375 0.8583984375 0.0595703125 0.1279296875
0 0.3525390625 0.63916015625 0.0791015625 0.0712890625
0 0.3212890625 0.31201171875 0.0712890625 0.0634765625
0 0.2333984375 0.10888671875 0.0576171875 0.1220703125
0 0.3056640625 0.0908203125 0.0576171875 0.1201171875
0 0.11181640625 0.79541015625 0.052734375 0.0595703125