0 0.962890625 0.57958984375 0.068359375 0.0693359375
0 0.77783203125 0.142578125 0.0556640625 0.1318359375
0 0.83984375 0.33740234375 0.203125 0.1201171875
0 0.6630859375 0.1474609375 0.04296875 0.1005859375
0 0.6357421875 0.2998046875 0.078125 0.064453125
0 0.54833984375 0.25537109375 0.052734375 0.1083984375
0 0.505859375 0.14794921875 0.048828125 0.1376953125
0 0.58154296875 0.173828125 0.05078125 0.1298828125
0 0.60986328125 0.07421875 0.048828125 0.115234375
0 0.39794921875 0.32080078125 0.068359375 0.0556640625
0 0.3232421875 0.32763671875 0.080078125 0.0712890625
0 0.18310546875 0.20947265625 0.048828125 0.1376953125
0 0.21533203125 0.21337890625 0.05078125 0.126953125
0 0.2451171875 0.21142578125 0.0478515625 0.126953125
0 0.31396484375 0.41943359375 0.07421875 0.0654296875
0 0.396484375 0.7373046875 0.06640625 0.05859375
0 0.3828125 0.94873046875 0.046875 0.1025390625
0 0.45703125 0.94580078125 0.046875 0.1083984375
0 0.0341796875 0.35498046875 0.0478515625 0.0556640625