0 0.05029296875 0.63525390625 0.06103515625 0.0625
0 0.1806640625 0.17919921875 0.04052734375 0.1279296875
0 0.14306640625 0.3798828125 0.19287109375 0.09716796875
0 0.294921875 0.169921875 0.03125 0.09716796875
0 0.3408203125 0.31787109375 0.07177734375 0.0556640625
0 0.42236328125 0.26318359375 0.04052734375 0.10400390625
0 0.451171875 0.1513671875 0.03271484375 0.134765625
0 0.37939453125 0.18603515625 0.03515625 0.12646484375
0 0.3388671875 0.0908203125 0.03515625 0.111328125
0 0.57958984375 0.3095703125 0.0625 0.048828125
0 0.654296875 0.3076171875 0.0732421875 0.0625
0 0.779296875 0.1728515625 0.03271484375 0.134765625
0 0.74755859375 0.1806640625 0.0361328125 0.12353515625
0 0.7177734375 0.1826171875 0.03271484375 0.12353515625
0 0.6748046875 0.3974609375 0.06787109375 0.05712890625
0 0.6318359375 0.72314453125 0.06103515625 0.05126953125
0 0.671875 0.94091796875 0.0322265625 0.1181640625
0 0.59716796875 0.9423828125 0.03271484375 0.115234375
0 0.94482421875 0.29931640625 0.0419921875 0.05126953125