0 0.130859375 0.75390625 0.0625 0.125
0 0.0693359375 0.83544921875 0.0595703125 0.1201171875
0 0.1953125 0.8037109375 0.0673828125 0.140625
0 0.19189453125 0.68701171875 0.0615234375 0.109375
0 0.12255859375 0.6181640625 0.0830078125 0.068359375
0 0.35400390625 0.67724609375 0.076171875 0.068359375
0 0.4248046875 0.68896484375 0.0849609375 0.072265625
0 0.36328125 0.583984375 0.080078125 0.0712890625
0 0.51953125 0.8427734375 0.0595703125 0.130859375
0 0.48876953125 0.83740234375 0.0537109375 0.126953125
0 0.46044921875 0.83251953125 0.0517578125 0.1240234375
0 0.6982421875 0.7578125 0.0576171875 0.05859375
0 0.7939453125 0.92041015625 0.0595703125 0.134765625
0 0.85400390625 0.62109375 0.0810546875 0.0751953125
0 0.67138671875 0.638671875 0.080078125 0.0693359375
0 0.640625 0.43408203125 0.0810546875 0.068359375
0 0.67578125 0.56494140625 0.0673828125 0.0654296875
0 0.541015625 0.359375 0.078125 0.0673828125
0 0.39892578125 0.25341796875 0.06640625 0.0634765625
0 0.50146484375 0.06005859375 0.0576171875 0.1201171875
0 0.5751953125 0.0654296875 0.0546875 0.1220703125