0 0.01025390625 0.1689453125 0.0205078125 0.12646484375
0 0.19189453125 0.1748046875 0.0380859375 0.11962890625
0 0.1484375 0.08251953125 0.0361328125 0.115234375
0 0.26513671875 0.1396484375 0.0400390625 0.134765625
0 0.2373046875 0.2529296875 0.04150390625 0.1025390625
0 0.1552734375 0.30615234375 0.0732421875 0.05419921875
0 0.39404296875 0.29638671875 0.06640625 0.0556640625
0 0.4658203125 0.29931640625 0.07421875 0.05810546875
0 0.3837890625 0.3896484375 0.0693359375 0.05810546875
0 0.59033203125 0.1689453125 0.0341796875 0.12646484375
0 0.55908203125 0.16748046875 0.02880859375 0.12353515625
0 0.5302734375 0.16650390625 0.02734375 0.12060546875
0 0.74755859375 0.2890625 0.0478515625 0.0498046875
0 0.875 0.14990234375 0.03271484375 0.13037109375
0 0.87158203125 0.455078125 0.0693359375 0.0625
0 0.6962890625 0.39990234375 0.0703125 0.0556640625
0 0.6240234375 0.59375 0.07177734375 0.05419921875
0 0.685546875 0.47314453125 0.0576171875 0.05419921875
0 0.5107421875 0.64599609375 0.06787109375 0.05419921875
0 0.35009765625 0.72021484375 0.05712890625 0.052734375
0 0.40966796875 0.9345703125 0.03271484375 0.125
0 0.4833984375 0.94091796875 0.03125 0.1181640625