0 0.1181640625 0.734375 0.0673828125 0.125
0 0.05224609375 0.8125 0.064453125 0.12109375
0 0.1796875 0.787109375 0.0732421875 0.140625
0 0.18212890625 0.6708984375 0.06640625 0.109375
0 0.11669921875 0.59814453125 0.0849609375 0.0712890625
0 0.3447265625 0.66943359375 0.078125 0.0712890625
0 0.4150390625 0.68505859375 0.0869140625 0.0751953125
0 0.359375 0.57666015625 0.08203125 0.07421875
0 0.50146484375 0.84326171875 0.0654296875 0.130859375
0 0.47119140625 0.83642578125 0.0595703125 0.126953125
0 0.44287109375 0.830078125 0.0576171875 0.1240234375
0 0.6845703125 0.76806640625 0.0595703125 0.060546875
0 0.77099609375 0.93359375 0.0654296875 0.1328125
0 0.84716796875 0.6396484375 0.0830078125 0.078125
0 0.66357421875 0.6474609375 0.08203125 0.072265625
0 0.64404296875 0.44140625 0.0830078125 0.0712890625
0 0.67236328125 0.57373046875 0.0693359375 0.0673828125
0 0.54833984375 0.36181640625 0.0791015625 0.0703125
0 0.412109375 0.24853515625 0.068359375 0.0654296875
0 0.52490234375 0.060546875 0.0634765625 0.12109375
0 0.59814453125 0.06982421875 0.060546875 0.1220703125