0 0.09619140625 0.8466796875 0.0859375 0.0556640625
0 0.05615234375 0.7177734375 0.1123046875 0.0859375
0 0.02783203125 0.62890625 0.0556640625 0.046875
0 0.21435546875 0.5712890625 0.078125 0.0595703125
0 0.25439453125 0.8662109375 0.0205078125 0.0478515625
0 0.27490234375 0.8681640625 0.0185546875 0.0478515625
0 0.330078125 0.85205078125 0.0537109375 0.05078125
0 0.3818359375 0.86767578125 0.052734375 0.0439453125
0 0.4873046875 0.80908203125 0.06640625 0.05078125
0 0.5009765625 0.75146484375 0.03125 0.0283203125
0 0.47705078125 0.8974609375 0.05859375 0.048828125
0 0.5224609375 0.86865234375 0.025390625 0.04296875
0 0.54296875 0.87158203125 0.017578125 0.044921875
0 0.55712890625 0.87109375 0.0146484375 0.0498046875
0 0.56982421875 0.822265625 0.0283203125 0.0380859375
0 0.56982421875 0.783203125 0.056640625 0.0400390625
0 0.64208984375 0.82275390625 0.0576171875 0.0400390625
0 0.59814453125 0.8701171875 0.015625 0.0458984375
0 0.61328125 0.8681640625 0.0166015625 0.0478515625
0 0.63232421875 0.71240234375 0.03125 0.0234375
0 0.64306640625 0.87451171875 0.0263671875 0.0458984375
0 0.66650390625 0.87109375 0.01953125 0.044921875
0 0.68212890625 0.86865234375 0.017578125 0.0458984375
0 0.6962890625 0.8681640625 0.0224609375 0.0419921875
0 0.7138671875 0.8662109375 0.021484375 0.0419921875
0 0.724609375 0.888671875 0.02734375 0.044921875
0 0.74072265625 0.904296875 0.025390625 0.0458984375
0 0.75146484375 0.9140625 0.025390625 0.0390625
0 0.98779296875 0.21240234375 0.0244140625 0.0537109375
0 0.95654296875 0.26953125 0.03125 0.02734375
0 0.98779296875 0.39208984375 0.0244140625 0.0517578125
0 0.85595703125 0.21044921875 0.0263671875 0.0263671875
0 0.85498046875 0.1328125 0.138671875 0.0830078125
0 0.7548828125 0.08154296875 0.03125 0.025390625
0 0.73291015625 0.04296875 0.033203125 0.0380859375
0 0.80029296875 0.31591796875 0.0771484375 0.0595703125
0 0.7353515625 0.39208984375 0.091796875 0.0625
0 0.68994140625 0.23095703125 0.08984375 0.0673828125
0 0.6484375 0.130859375 0.0302734375 0.0283203125
0 0.609375 0.10205078125 0.0302734375 0.02734375
0 0.6044921875 0.1865234375 0.03125 0.025390625
0 0.50341796875 0.083984375 0.03125 0.037109375
0 0.6162109375 0.041015625 0.056640625 0.041015625
0 0.51416015625 0.03564453125 0.0556640625 0.044921875
0 0.5341796875 0.30419921875 0.0322265625 0.02734375
0 0.48681640625 0.390625 0.0703125 0.0595703125
0 0.45556640625 0.181640625 0.033203125 0.0302734375
0 0.3486328125 0.20068359375 0.033203125 0.0322265625
0 0.35107421875 0.30712890625 0.0634765625 0.05859375
0 0.3076171875 0.3916015625 0.0888671875 0.0595703125
0 0.2509765625 0.3134765625 0.0380859375 0.0322265625
0 0.28515625 0.17822265625 0.033203125 0.03125
0 0.11279296875 0.38818359375 0.08203125 0.05859375
0 0.033203125 0.30615234375 0.060546875 0.05859375
0 0.1494140625 0.21728515625 0.0361328125 0.0341796875
0 0.0380859375 0.12353515625 0.064453125 0.0595703125
0 0.6806640625 0.62255859375 0.041015625 0.0302734375
1 0.8544921875 0.98046875 0.021484375 0.03125
1 0.8701171875 0.9619140625 0.021484375 0.033203125
1 0.42431640625 0.89111328125 0.015625 0.029296875
1 0.109375 0.00830078125 0.017578125 0.0166015625