0 0.169921875 0.9169921875 0.0927734375 0.068359375
0 0.10400390625 0.798828125 0.12890625 0.1025390625
0 0.06005859375 0.71728515625 0.064453125 0.0556640625
0 0.2333984375 0.62451171875 0.0859375 0.0703125
0 0.32861328125 0.90673828125 0.02734375 0.0498046875
0 0.34912109375 0.904296875 0.0263671875 0.0498046875
0 0.400390625 0.8779296875 0.0615234375 0.05859375
0 0.4541015625 0.88330078125 0.05859375 0.0517578125
0 0.54638671875 0.8056640625 0.0732421875 0.060546875
0 0.548828125 0.74658203125 0.03515625 0.033203125
0 0.55322265625 0.89453125 0.0654296875 0.056640625
0 0.59228515625 0.857421875 0.03125 0.046875
0 0.61279296875 0.8564453125 0.0244140625 0.046875
0 0.626953125 0.853515625 0.0224609375 0.0517578125
0 0.6298828125 0.802734375 0.033203125 0.0419921875
0 0.62255859375 0.7646484375 0.0615234375 0.0478515625
0 0.70068359375 0.7900390625 0.0634765625 0.048828125
0 0.6669921875 0.84423828125 0.0224609375 0.0478515625
0 0.681640625 0.83984375 0.0234375 0.0498046875
0 0.67041015625 0.68310546875 0.03515625 0.02734375
0 0.7119140625 0.84033203125 0.033203125 0.0498046875
0 0.734375 0.83251953125 0.0263671875 0.046875
0 0.7490234375 0.8271484375 0.0244140625 0.0478515625
0 0.7626953125 0.82421875 0.029296875 0.044921875
0 0.77978515625 0.818359375 0.0283203125 0.044921875
0 0.794921875 0.8388671875 0.033203125 0.0478515625
0 0.8134765625 0.85107421875 0.0322265625 0.0498046875
0 0.826171875 0.8583984375 0.03125 0.04296875
0 0.9267578125 0.12451171875 0.037109375 0.056640625
0 0.904296875 0.1865234375 0.03515625 0.03125
0 0.9599609375 0.30126953125 0.0341796875 0.0556640625
0 0.79443359375 0.1474609375 0.0302734375 0.0302734375
0 0.7783203125 0.07177734375 0.1494140625 0.103515625
0 0.67041015625 0.04052734375 0.03515625 0.0302734375
0 0.64111328125 0.01416015625 0.0380859375 0.0283203125
0 0.75927734375 0.26171875 0.0849609375 0.0703125
0 0.71044921875 0.34912109375 0.099609375 0.076171875
0 0.634765625 0.19970703125 0.0986328125 0.080078125
0 0.5751953125 0.109375 0.0341796875 0.0322265625
0 0.53173828125 0.08837890625 0.0341796875 0.03125
0 0.54296875 0.17236328125 0.03515625 0.0302734375
0 0.423828125 0.0908203125 0.0361328125 0.041015625
0 0.52685546875 0.02734375 0.0625 0.048828125
0 0.42529296875 0.04150390625 0.0615234375 0.0537109375
0 0.49609375 0.30126953125 0.0361328125 0.03125
0 0.46630859375 0.3955078125 0.078125 0.0693359375
0 0.39599609375 0.1962890625 0.037109375 0.0341796875
0 0.2939453125 0.2353515625 0.037109375 0.037109375
0 0.31689453125 0.3388671875 0.0712890625 0.0673828125
0 0.29052734375 0.43017578125 0.095703125 0.072265625
0 0.2197265625 0.3642578125 0.04296875 0.0380859375
0 0.22802734375 0.22509765625 0.037109375 0.0361328125
0 0.0986328125 0.46435546875 0.0888671875 0.0703125
0 0.01953125 0.3984375 0.0390625 0.06640625
0 0.10205078125 0.28955078125 0.0400390625 0.0390625
0 0.70068359375 0.5859375 0.044921875 0.0361328125
1 0.939453125 0.90380859375 0.0263671875 0.0341796875
1 0.951171875 0.8828125 0.0263671875 0.0361328125
1 0.50048828125 0.8984375 0.01953125 0.03125
1 0.0224609375 0.08837890625 0.0205078125 0.0263671875