0 0.8974609375 0.146484375 0.0849609375 0.05419921875
0 0.94189453125 0.2744140625 0.1162109375 0.08349609375
0 0.97119140625 0.3623046875 0.0576171875 0.0458984375
0 0.7841796875 0.423828125 0.0771484375 0.05810546875
0 0.7392578125 0.12939453125 0.01953125 0.04736328125
0 0.71875 0.1279296875 0.01806640625 0.04736328125
0 0.66357421875 0.14501953125 0.05322265625 0.0498046875
0 0.61181640625 0.13037109375 0.0517578125 0.04296875
0 0.50732421875 0.19091796875 0.0654296875 0.0498046875
0 0.49462890625 0.24853515625 0.03125 0.02783203125
0 0.51611328125 0.10205078125 0.0576171875 0.04736328125
0 0.47119140625 0.1318359375 0.0244140625 0.04296875
0 0.45068359375 0.12939453125 0.0166015625 0.04443359375
0 0.4365234375 0.1298828125 0.01416015625 0.0498046875
0 0.4248046875 0.17919921875 0.02734375 0.03759765625
0 0.42529296875 0.21826171875 0.0556640625 0.0390625
0 0.3525390625 0.1796875 0.05712890625 0.0390625
0 0.3955078125 0.1318359375 0.0146484375 0.0458984375
0 0.38037109375 0.1337890625 0.015625 0.04736328125
0 0.36376953125 0.2900390625 0.03125 0.0224609375
0 0.3505859375 0.1279296875 0.02587890625 0.0458984375
0 0.3271484375 0.1318359375 0.0185546875 0.04443359375
0 0.3115234375 0.134765625 0.0166015625 0.0458984375
0 0.29736328125 0.13525390625 0.02197265625 0.04150390625
0 0.27978515625 0.1376953125 0.02099609375 0.04150390625
0 0.2685546875 0.115234375 0.0263671875 0.04443359375
0 0.25244140625 0.10009765625 0.02490234375 0.0458984375
0 0.2412109375 0.09033203125 0.02490234375 0.0390625
0 0.0146484375 0.7958984375 0.02880859375 0.052734375
0 0.04736328125 0.73828125 0.03125 0.0263671875
0 0.0126953125 0.61572265625 0.025390625 0.0517578125
0 0.14892578125 0.7958984375 0.0263671875 0.0263671875
0 0.1513671875 0.87353515625 0.1376953125 0.08056640625
0 0.25244140625 0.9228515625 0.03125 0.02490234375
0 0.27490234375 0.9609375 0.0322265625 0.03759765625
0 0.203125 0.689453125 0.07568359375 0.05810546875
0 0.2666015625 0.61181640625 0.0908203125 0.06103515625
0 0.31494140625 0.7724609375 0.08837890625 0.0654296875
0 0.35791015625 0.87158203125 0.0302734375 0.02783203125
0 0.3974609375 0.89990234375 0.0302734375 0.0263671875
0 0.40087890625 0.8154296875 0.03125 0.02490234375
0 0.50390625 0.916015625 0.0302734375 0.0361328125
0 0.3916015625 0.9609375 0.05615234375 0.0400390625
0 0.494140625 0.96435546875 0.0546875 0.04443359375
0 0.46923828125 0.6962890625 0.0322265625 0.0263671875
0 0.51513671875 0.60888671875 0.06884765625 0.05810546875
0 0.5498046875 0.8173828125 0.0322265625 0.029296875
0 0.65673828125 0.79638671875 0.0322265625 0.03173828125
0 0.65234375 0.6904296875 0.0625 0.05712890625
0 0.6943359375 0.60498046875 0.08740234375 0.05810546875
0 0.75244140625 0.68212890625 0.03759765625 0.03173828125
0 0.72021484375 0.81787109375 0.03271484375 0.03076171875
0 0.88916015625 0.60498046875 0.08056640625 0.05712890625
0 0.97021484375 0.685546875 0.0595703125 0.05712890625
0 0.85546875 0.7763671875 0.03515625 0.033203125
0 0.96826171875 0.8681640625 0.0634765625 0.05810546875
0 0.3173828125 0.38037109375 0.04052734375 0.029296875
1 0.13720703125 0.02587890625 0.02099609375 0.03076171875
1 0.1220703125 0.04443359375 0.02099609375 0.033203125
1 0.56884765625 0.107421875 0.0146484375 0.029296875
1 0.89892578125 0.98828125 0.01708984375 0.0234375