0 0.935546875 0.2685546875 0.1015625 0.08203125
0 0.935546875 0.21142578125 0.03515625 0.03125
0 0.95751953125 0.32080078125 0.04296875 0.0390625
0 0.99169921875 0.36962890625 0.0166015625 0.0712890625
0 0.95458984375 0.48486328125 0.0908203125 0.0810546875
0 0.7255859375 0.9248046875 0.1044921875 0.08203125
0 0.47998046875 0.85791015625 0.08203125 0.0849609375
0 0.3935546875 0.7958984375 0.08203125 0.08203125
0 0.330078125 0.6923828125 0.220703125 0.134765625
0 0.53515625 0.61962890625 0.0361328125 0.0361328125
0 0.2978515625 0.8291015625 0.0810546875 0.0703125
0 0.13818359375 0.80126953125 0.09765625 0.087890625
0 0.02490234375 0.77294921875 0.0498046875 0.0869140625
0 0.1884765625 0.5498046875 0.0380859375 0.03515625
0 0.212890625 0.31982421875 0.0927734375 0.080078125
0 0.1005859375 0.14794921875 0.0693359375 0.0771484375
0 0.21337890625 0.13232421875 0.0986328125 0.10546875
0 0.17236328125 0.0537109375 0.0419921875 0.037109375
0 0.28076171875 0.10009765625 0.0703125 0.056640625
0 0.35302734375 0.22216796875 0.08984375 0.0703125
0 0.38134765625 0.1328125 0.1015625 0.0859375
0 0.4169921875 0.2802734375 0.0380859375 0.03125
0 0.52490234375 0.1591796875 0.087890625 0.0771484375
0 0.4970703125 0.0400390625 0.0380859375 0.048828125
0 0.62060546875 0.125 0.03515625 0.037109375
0 0.66748046875 0.201171875 0.08984375 0.0810546875
0 0.56884765625 0.30322265625 0.091796875 0.080078125
0 0.51708984375 0.404296875 0.0859375 0.072265625
0 0.38623046875 0.8681640625 0.05859375 0.0576171875
1 0.95263671875 0.126953125 0.025390625 0.02734375
1 0.908203125 0.1064453125 0.02734375 0.0283203125
1 0.98291015625 0.13916015625 0.0283203125 0.03515625
1 0.7626953125 0.3046875 0.0263671875 0.029296875
1 0.6767578125 0.4453125 0.0205078125 0.0302734375
1 0.73046875 0.49951171875 0.0244140625 0.0283203125
1 0.70947265625 0.5791015625 0.01953125 0.0234375
1 0.67626953125 0.62890625 0.025390625 0.03125
1 0.6640625 0.68017578125 0.021484375 0.0244140625
1 0.591796875 0.763671875 0.0224609375 0.033203125