0 0.8779296875 0.81689453125 0.0908203125 0.0654296875
0 0.8662109375 0.87255859375 0.03125 0.0263671875
0 0.96435546875 0.8720703125 0.0400390625 0.0234375
0 0.91015625 0.7705078125 0.0380859375 0.0322265625
0 0.97509765625 0.73486328125 0.0498046875 0.0615234375
0 0.9443359375 0.609375 0.0859375 0.0654296875
0 0.80908203125 0.13134765625 0.0947265625 0.064453125
0 0.55517578125 0.14599609375 0.0693359375 0.0732421875
0 0.45751953125 0.1884765625 0.0693359375 0.0703125
0 0.3740234375 0.27685546875 0.2080078125 0.0947265625
0 0.55908203125 0.390625 0.03125 0.0302734375
0 0.37060546875 0.13623046875 0.0712890625 0.0576171875
0 0.20849609375 0.1298828125 0.0859375 0.072265625
0 0.06591796875 0.12841796875 0.091796875 0.0703125
0 0.2060546875 0.38671875 0.033203125 0.029296875
0 0.181640625 0.61669921875 0.08203125 0.0654296875
0 0.0361328125 0.76123046875 0.056640625 0.0673828125
0 0.14306640625 0.80029296875 0.0830078125 0.091796875
0 0.0869140625 0.86865234375 0.037109375 0.0302734375
0 0.2021484375 0.845703125 0.0625 0.044921875
0 0.29833984375 0.7412109375 0.0810546875 0.0556640625
0 0.3076171875 0.83447265625 0.0908203125 0.0703125
0 0.373046875 0.697265625 0.0341796875 0.0244140625
0 0.45361328125 0.8388671875 0.0771484375 0.0634765625
0 0.4013671875 0.94970703125 0.0302734375 0.0439453125
0 0.5400390625 0.89208984375 0.029296875 0.03125
0 0.60205078125 0.8271484375 0.0791015625 0.06640625
0 0.5263671875 0.70654296875 0.0810546875 0.0654296875
0 0.49658203125 0.59716796875 0.076171875 0.05859375
0 0.46533203125 0.1162109375 0.0498046875 0.048828125
1 0.865234375 0.958984375 0.021484375 0.0244140625
1 0.8173828125 0.9697265625 0.0234375 0.0244140625
1 0.8974609375 0.953125 0.0234375 0.03125
1 0.71630859375 0.74560546875 0.021484375 0.025390625
1 0.66162109375 0.59033203125 0.0146484375 0.0283203125
1 0.7255859375 0.54833984375 0.01953125 0.025390625
1 0.72119140625 0.46630859375 0.015625 0.021484375
1 0.69921875 0.41064453125 0.0205078125 0.0283203125
1 0.69775390625 0.35791015625 0.017578125 0.021484375
1 0.64453125 0.2607421875 0.0166015625 0.03125