0 0.13330078125 0.830078125 0.0888671875 0.0625
0 0.14697265625 0.88525390625 0.0302734375 0.02490234375
0 0.048828125 0.88818359375 0.0390625 0.0224609375
0 0.099609375 0.78466796875 0.03662109375 0.03076171875
0 0.0283203125 0.75146484375 0.056640625 0.0595703125
0 0.0595703125 0.625 0.08349609375 0.0625
0 0.17822265625 0.142578125 0.0927734375 0.06103515625
0 0.4326171875 0.14794921875 0.0673828125 0.07080078125
0 0.53173828125 0.18701171875 0.0673828125 0.06787109375
0 0.6181640625 0.2724609375 0.20556640625 0.08740234375
0 0.43701171875 0.392578125 0.0302734375 0.029296875
0 0.61669921875 0.1318359375 0.0693359375 0.0556640625
0 0.7783203125 0.1201171875 0.08349609375 0.0693359375
0 0.9208984375 0.11328125 0.08984375 0.06689453125
0 0.7900390625 0.37646484375 0.03271484375 0.02783203125
0 0.822265625 0.60546875 0.07958984375 0.0625
0 0.97265625 0.7451171875 0.0546875 0.0654296875
0 0.8671875 0.78759765625 0.07958984375 0.0888671875
0 0.92578125 0.85400390625 0.0361328125 0.029296875
0 0.8095703125 0.8349609375 0.0615234375 0.04296875
0 0.7099609375 0.73388671875 0.0791015625 0.052734375
0 0.7041015625 0.82763671875 0.08837890625 0.06689453125
0 0.6337890625 0.69287109375 0.03369140625 0.0234375
0 0.55810546875 0.8369140625 0.0751953125 0.06103515625
0 0.6142578125 0.94580078125 0.02880859375 0.04296875
0 0.4736328125 0.89306640625 0.0283203125 0.03076171875
0 0.40966796875 0.83056640625 0.0771484375 0.06396484375
0 0.48095703125 0.70751953125 0.0791015625 0.0625
0 0.5068359375 0.59716796875 0.07421875 0.0556640625
0 0.521484375 0.115234375 0.04833984375 0.04736328125
1 0.15087890625 0.9716796875 0.0205078125 0.0234375
1 0.19921875 0.98046875 0.0224609375 0.0234375
1 0.11865234375 0.966796875 0.02197265625 0.03076171875
1 0.29248046875 0.7529296875 0.0205078125 0.02490234375
1 0.341796875 0.595703125 0.01416015625 0.02783203125
1 0.2763671875 0.55615234375 0.0185546875 0.02490234375
1 0.27783203125 0.47412109375 0.0146484375 0.02099609375
1 0.2978515625 0.41748046875 0.01953125 0.02783203125
1 0.29736328125 0.36474609375 0.01708984375 0.02099609375
1 0.34716796875 0.26611328125 0.015625 0.03076171875