0 0.0419921875 0.68310546875 0.08349609375 0.0625
0 0.0771484375 0.59716796875 0.08740234375 0.06689453125
0 0.09814453125 0.13671875 0.1005859375 0.06396484375
0 0.3505859375 0.146484375 0.0732421875 0.07080078125
0 0.44970703125 0.18701171875 0.0732421875 0.07080078125
0 0.533203125 0.1328125 0.0732421875 0.0625
0 0.6552734375 0.27001953125 0.2109375 0.08740234375
0 0.69921875 0.11865234375 0.0859375 0.0693359375
0 0.51318359375 0.35498046875 0.0341796875 0.03173828125
0 0.58349609375 0.3896484375 0.03515625 0.029296875
0 0.78857421875 0.5869140625 0.08056640625 0.06103515625
0 0.8662109375 0.73876953125 0.05322265625 0.0625
0 0.7451171875 0.76318359375 0.08203125 0.09033203125
0 0.75634765625 0.8798828125 0.02880859375 0.033203125
0 0.71533203125 0.8349609375 0.05712890625 0.05126953125
0 0.6044921875 0.8271484375 0.08837890625 0.0693359375
0 0.5771484375 0.62060546875 0.08203125 0.05810546875
0 0.5126953125 0.73828125 0.078125 0.06396484375
0 0.44384765625 0.83935546875 0.07666015625 0.06396484375
0 0.37548828125 0.7236328125 0.0380859375 0.029296875
0 0.2919921875 0.8271484375 0.0380859375 0.06787109375
0 0.505859375 0.97900390625 0.02490234375 0.04150390625
0 0.43994140625 0.11376953125 0.04833984375 0.04150390625
1 0.732421875 0.02783203125 0.01416015625 0.0263671875
1 0.8642578125 0.958984375 0.0205078125 0.0263671875
1 0.837890625 0.9521484375 0.0185546875 0.0263671875
1 0.45751953125 0.9619140625 0.01806640625 0.0224609375
1 0.06103515625 0.9716796875 0.02734375 0.033203125
1 0.0986328125 0.97705078125 0.02099609375 0.02490234375
1 0.20556640625 0.7060546875 0.0224609375 0.02490234375
1 0.25048828125 0.6279296875 0.01806640625 0.0224609375
1 0.1865234375 0.58935546875 0.01708984375 0.02099609375
1 0.1884765625 0.51025390625 0.0166015625 0.02099609375
1 0.205078125 0.37451171875 0.02099609375 0.033203125
1 0.20654296875 0.32568359375 0.0224609375 0.03076171875
1 0.2529296875 0.30419921875 0.0185546875 0.029296875