0 0.04052734375 0.67529296875 0.0810546875 0.0634765625
0 0.07568359375 0.58984375 0.0888671875 0.068359375
0 0.1044921875 0.1298828125 0.1015625 0.0654296875
0 0.35693359375 0.14404296875 0.07421875 0.072265625
0 0.455078125 0.18603515625 0.07421875 0.072265625
0 0.53955078125 0.13330078125 0.07421875 0.0634765625
0 0.6591796875 0.27294921875 0.212890625 0.0908203125
0 0.7060546875 0.1220703125 0.0869140625 0.0712890625
0 0.515625 0.35546875 0.03515625 0.0322265625
0 0.58544921875 0.39111328125 0.0361328125 0.0302734375
0 0.787109375 0.591796875 0.08203125 0.0625
0 0.86181640625 0.7451171875 0.0546875 0.0634765625
0 0.74072265625 0.767578125 0.083984375 0.091796875
0 0.74951171875 0.88427734375 0.029296875 0.0341796875
0 0.70947265625 0.8388671875 0.0576171875 0.052734375
0 0.5986328125 0.8291015625 0.08984375 0.0712890625
0 0.5751953125 0.6220703125 0.0830078125 0.0595703125
0 0.50830078125 0.73828125 0.0791015625 0.0654296875
0 0.43798828125 0.83837890625 0.078125 0.0654296875
0 0.37158203125 0.72119140625 0.0390625 0.0302734375
0 0.2861328125 0.8232421875 0.0390625 0.068359375
0 0.49755859375 0.97900390625 0.025390625 0.0419921875
0 0.44677734375 0.11279296875 0.048828125 0.0419921875
1 0.74072265625 0.03173828125 0.0146484375 0.0263671875
1 0.85595703125 0.96533203125 0.0205078125 0.0263671875
1 0.830078125 0.9580078125 0.0185546875 0.0263671875
1 0.44970703125 0.9609375 0.0185546875 0.0224609375
1 0.052734375 0.9638671875 0.0283203125 0.033203125
1 0.09033203125 0.97021484375 0.021484375 0.025390625
1 0.2021484375 0.70068359375 0.0224609375 0.025390625
1 0.24853515625 0.62353515625 0.0185546875 0.0224609375
1 0.18505859375 0.583984375 0.017578125 0.021484375
1 0.1884765625 0.5048828125 0.0166015625 0.021484375
1 0.20751953125 0.369140625 0.021484375 0.033203125
1 0.20947265625 0.32080078125 0.0234375 0.03125
1 0.25634765625 0.2998046875 0.01953125 0.029296875