0 0.029296875 0.5576171875 0.05859375 0.08203125
0 0.06640625 0.484375 0.1015625 0.0869140625
0 0.2060546875 0.044921875 0.11328125 0.087890625
0 0.447265625 0.11962890625 0.0888671875 0.0869140625
0 0.5322265625 0.1845703125 0.0888671875 0.0869140625
0 0.626953125 0.15380859375 0.0869140625 0.0791015625
0 0.70947265625 0.31787109375 0.2265625 0.138671875
0 0.791015625 0.18310546875 0.1005859375 0.0888671875
0 0.55029296875 0.36328125 0.041015625 0.0390625
0 0.609375 0.4150390625 0.0419921875 0.037109375
0 0.75634765625 0.65869140625 0.09375 0.080078125
0 0.7919921875 0.8251953125 0.0673828125 0.07421875
0 0.66845703125 0.81787109375 0.1025390625 0.1083984375
0 0.6494140625 0.93310546875 0.0361328125 0.0390625
0 0.62109375 0.87939453125 0.068359375 0.064453125
0 0.51611328125 0.84326171875 0.103515625 0.08984375
0 0.54345703125 0.63623046875 0.0947265625 0.0771484375
0 0.45068359375 0.7333984375 0.091796875 0.08203125
0 0.35791015625 0.8134765625 0.0908203125 0.08203125
0 0.32177734375 0.68359375 0.0439453125 0.0380859375
0 0.21435546875 0.76220703125 0.0546875 0.0751953125
0 0.3818359375 0.96435546875 0.03515625 0.046875
0 0.5419921875 0.111328125 0.0576171875 0.052734375
1 0.8466796875 0.10400390625 0.0205078125 0.029296875
1 0.33935546875 0.93505859375 0.0234375 0.0263671875
1 0.162109375 0.623046875 0.0283203125 0.0302734375
1 0.22607421875 0.55908203125 0.0234375 0.0263671875
1 0.17431640625 0.50537109375 0.021484375 0.0244140625
1 0.1962890625 0.42919921875 0.021484375 0.0244140625
1 0.24755859375 0.30224609375 0.029296875 0.037109375
1 0.26171875 0.255859375 0.029296875 0.03515625
1 0.31201171875 0.2470703125 0.025390625 0.033203125