0 0.935546875 0.08203125 0.0361328125 0.03515625
0 0.95556640625 0.34423828125 0.064453125 0.0625
0 0.986328125 0.802734375 0.02734375 0.068359375
0 0.82373046875 0.75732421875 0.05078125 0.060546875
0 0.7724609375 0.818359375 0.0859375 0.068359375
0 0.6689453125 0.79443359375 0.0810546875 0.083984375
0 0.66748046875 0.3486328125 0.0869140625 0.0703125
0 0.671875 0.23974609375 0.08203125 0.0693359375
0 0.6474609375 0.142578125 0.087890625 0.0703125
0 0.47314453125 0.17529296875 0.0927734375 0.08203125
0 0.37548828125 0.26123046875 0.087890625 0.080078125
0 0.46875 0.41455078125 0.0830078125 0.064453125
0 0.3486328125 0.18359375 0.0595703125 0.0517578125
0 0.3798828125 0.123046875 0.041015625 0.03125
0 0.1806640625 0.21435546875 0.037109375 0.0439453125
0 0.0703125 0.2529296875 0.037109375 0.029296875
0 0.044921875 0.32275390625 0.08984375 0.0771484375
0 0.203125 0.2900390625 0.1025390625 0.0751953125
0 0.2861328125 0.365234375 0.0869140625 0.0673828125
0 0.3232421875 0.75 0.2216796875 0.1171875
0 0.2890625 0.64501953125 0.04296875 0.03515625
0 0.29345703125 0.68310546875 0.041015625 0.033203125
0 0.52783203125 0.5859375 0.037109375 0.029296875
0 0.5908203125 0.8623046875 0.078125 0.06640625
0 0.43115234375 0.89453125 0.0966796875 0.080078125
0 0.29248046875 0.9169921875 0.091796875 0.080078125
0 0.181640625 0.96875 0.0625 0.0625
1 0.91162109375 0.6650390625 0.025390625 0.029296875
1 0.908203125 0.6171875 0.0244140625 0.03125
1 0.85986328125 0.6181640625 0.0234375 0.03125
1 0.89599609375 0.40234375 0.0205078125 0.029296875
1 0.88525390625 0.32861328125 0.025390625 0.02734375
1 0.86279296875 0.30615234375 0.0224609375 0.02734375
1 0.82080078125 0.2998046875 0.0205078125 0.03125
1 0.58154296875 0.0263671875 0.017578125 0.021484375
1 0.57470703125 0.0048828125 0.0166015625 0.009765625