0 0.0166015625 0.86181640625 0.03271484375 0.03173828125
0 0.02880859375 0.59912109375 0.0576171875 0.0556640625
0 0.0322265625 0.1376953125 0.064453125 0.060546875
0 0.2099609375 0.205078125 0.0439453125 0.0556640625
0 0.2685546875 0.15087890625 0.07958984375 0.0595703125
0 0.3681640625 0.18701171875 0.07275390625 0.0751953125
0 0.3154296875 0.6298828125 0.07958984375 0.06103515625
0 0.2978515625 0.7373046875 0.0751953125 0.06103515625
0 0.31005859375 0.8369140625 0.08056640625 0.06103515625
0 0.4873046875 0.82568359375 0.0849609375 0.072265625
0 0.5947265625 0.751953125 0.07958984375 0.07080078125
0 0.5205078125 0.58837890625 0.0771484375 0.0556640625
0 0.61181640625 0.83251953125 0.0546875 0.0458984375
0 0.5732421875 0.888671875 0.0380859375 0.0263671875
0 0.7822265625 0.822265625 0.03271484375 0.0400390625
0 0.896484375 0.79736328125 0.0341796875 0.02490234375
0 0.9326171875 0.7314453125 0.0869140625 0.06689453125
0 0.76904296875 0.74462890625 0.09521484375 0.06396484375
0 0.69580078125 0.65966796875 0.08056640625 0.05810546875
0 0.7060546875 0.2734375 0.2119140625 0.091796875
0 0.72705078125 0.3818359375 0.0390625 0.03076171875
0 0.7275390625 0.34326171875 0.03759765625 0.029296875
0 0.48291015625 0.4111328125 0.0341796875 0.02490234375
0 0.4541015625 0.12939453125 0.0712890625 0.05810546875
0 0.6162109375 0.11669921875 0.0888671875 0.0693359375
0 0.7568359375 0.111328125 0.08349609375 0.07080078125
0 0.8740234375 0.0673828125 0.0546875 0.06787109375
1 0.111328125 0.2861328125 0.0224609375 0.0263671875
1 0.10888671875 0.333984375 0.02099609375 0.029296875
1 0.1572265625 0.3388671875 0.0205078125 0.029296875
1 0.09521484375 0.548828125 0.01708984375 0.02783203125
1 0.0966796875 0.623046875 0.0224609375 0.02490234375
1 0.1162109375 0.64794921875 0.01953125 0.02490234375
1 0.1572265625 0.65966796875 0.01708984375 0.029296875
1 0.361328125 0.9599609375 0.015625 0.01953125
1 0.3642578125 0.9892578125 0.013671875 0.021484375