0 0.92822265625 0.07421875 0.037109375 0.0361328125
0 0.95263671875 0.33642578125 0.064453125 0.0634765625
0 0.98876953125 0.79345703125 0.0224609375 0.0693359375
0 0.828125 0.75146484375 0.05078125 0.0615234375
0 0.77783203125 0.8134765625 0.0869140625 0.0703125
0 0.67431640625 0.79150390625 0.08203125 0.0849609375
0 0.66455078125 0.345703125 0.0869140625 0.0712890625
0 0.6669921875 0.23681640625 0.0830078125 0.0712890625
0 0.64111328125 0.14013671875 0.087890625 0.0712890625
0 0.46728515625 0.17578125 0.09375 0.0830078125
0 0.37109375 0.263671875 0.0888671875 0.0810546875
0 0.46728515625 0.41552734375 0.083984375 0.0654296875
0 0.3427734375 0.18603515625 0.060546875 0.052734375
0 0.37353515625 0.12548828125 0.041015625 0.03125
0 0.17578125 0.22021484375 0.0380859375 0.0439453125
0 0.06591796875 0.2607421875 0.037109375 0.029296875
0 0.04345703125 0.3310546875 0.0869140625 0.078125
0 0.19970703125 0.29541015625 0.103515625 0.076171875
0 0.28369140625 0.369140625 0.087890625 0.068359375
0 0.32763671875 0.7529296875 0.22265625 0.1201171875
0 0.29150390625 0.6484375 0.04296875 0.0361328125
0 0.29638671875 0.68701171875 0.041015625 0.0341796875
0 0.529296875 0.58544921875 0.037109375 0.029296875
0 0.59716796875 0.86083984375 0.0791015625 0.0673828125
0 0.4384765625 0.8955078125 0.09765625 0.0810546875
0 0.2998046875 0.92041015625 0.0927734375 0.08203125
0 0.18994140625 0.97119140625 0.0634765625 0.0576171875
1 0.91455078125 0.65771484375 0.0263671875 0.029296875
1 0.91064453125 0.60986328125 0.0244140625 0.0322265625
1 0.86181640625 0.61181640625 0.0244140625 0.0322265625
1 0.89404296875 0.3955078125 0.0205078125 0.0302734375
1 0.88232421875 0.32177734375 0.025390625 0.02734375
1 0.859375 0.30029296875 0.0224609375 0.02734375
1 0.8173828125 0.2939453125 0.021484375 0.03125
1 0.5732421875 0.025390625 0.0185546875 0.021484375
1 0.56591796875 0.00390625 0.0166015625 0.0078125