0 0.791015625 0.0654296875 0.0537109375 0.05419921875
0 0.67236328125 0.10693359375 0.09130859375 0.072265625
0 0.767578125 0.2724609375 0.22021484375 0.0888671875
0 0.93896484375 0.33203125 0.03369140625 0.02783203125
0 0.86767578125 0.36865234375 0.03271484375 0.02783203125
0 0.7392578125 0.41259765625 0.0341796875 0.02783203125
0 0.53271484375 0.11376953125 0.0869140625 0.0693359375
0 0.369140625 0.12841796875 0.07177734375 0.0751953125
0 0.2880859375 0.18603515625 0.078125 0.06689453125
0 0.1845703125 0.1494140625 0.0810546875 0.06689453125
0 0.11962890625 0.2001953125 0.0478515625 0.05810546875
0 0.951171875 0.57763671875 0.09619140625 0.06689453125
0 0.95556640625 0.73974609375 0.0888671875 0.0615234375
0 0.92041015625 0.7890625 0.03662109375 0.03173828125
0 0.83203125 0.79736328125 0.0400390625 0.02490234375
0 0.81494140625 0.72998046875 0.08203125 0.06396484375
0 0.697265625 0.8203125 0.03369140625 0.03076171875
0 0.63134765625 0.7451171875 0.0908203125 0.06689453125
0 0.5888671875 0.86376953125 0.0322265625 0.03173828125
0 0.49267578125 0.83251953125 0.0595703125 0.04443359375
0 0.416015625 0.6640625 0.078125 0.05419921875
0 0.41064453125 0.740234375 0.07568359375 0.0625
0 0.35400390625 0.82568359375 0.08837890625 0.06787109375
0 0.3837890625 0.89111328125 0.03271484375 0.0263671875
0 0.244140625 0.59033203125 0.0732421875 0.05712890625
0 0.1552734375 0.8369140625 0.0810546875 0.0595703125
1 0.013671875 0.23974609375 0.02490234375 0.02783203125
1 0.0126953125 0.29443359375 0.025390625 0.0419921875
1 0.06396484375 0.373046875 0.02099609375 0.04150390625
1 0.0205078125 0.5986328125 0.0244140625 0.03076171875
1 0.00927734375 0.6591796875 0.0185546875 0.03173828125
1 0.060546875 0.689453125 0.01708984375 0.029296875
1 0.26708984375 0.95556640625 0.01953125 0.0263671875
1 0.2939453125 0.9853515625 0.0185546875 0.029296875