0 0.77587890625 0.0556640625 0.0556640625 0.0556640625
0 0.65869140625 0.10107421875 0.09375 0.0751953125
0 0.75927734375 0.26318359375 0.2236328125 0.0966796875
0 0.9326171875 0.31689453125 0.0341796875 0.029296875
0 0.86279296875 0.35595703125 0.033203125 0.029296875
0 0.73583984375 0.404296875 0.03515625 0.029296875
0 0.51904296875 0.11279296875 0.0888671875 0.072265625
0 0.3564453125 0.13330078125 0.07421875 0.078125
0 0.27734375 0.19384765625 0.080078125 0.0693359375
0 0.17236328125 0.16064453125 0.0830078125 0.0693359375
0 0.109375 0.2138671875 0.0498046875 0.0595703125
0 0.9521484375 0.5615234375 0.095703125 0.0703125
0 0.958984375 0.7236328125 0.08203125 0.064453125
0 0.93017578125 0.7744140625 0.0380859375 0.033203125
0 0.84228515625 0.78564453125 0.041015625 0.0263671875
0 0.82275390625 0.71875 0.083984375 0.06640625
0 0.70849609375 0.8134765625 0.03515625 0.0322265625
0 0.6396484375 0.740234375 0.0927734375 0.0703125
0 0.6015625 0.8603515625 0.033203125 0.033203125
0 0.50439453125 0.83251953125 0.0615234375 0.046875
0 0.421875 0.6669921875 0.080078125 0.056640625
0 0.4189453125 0.7431640625 0.078125 0.0654296875
0 0.365234375 0.83056640625 0.0908203125 0.0712890625
0 0.3974609375 0.89501953125 0.033203125 0.02734375
0 0.24755859375 0.59912109375 0.0751953125 0.0595703125
0 0.16748046875 0.8486328125 0.0830078125 0.0625
1 0.0087890625 0.25634765625 0.017578125 0.0283203125
1 0.00927734375 0.3115234375 0.0185546875 0.04296875
1 0.0595703125 0.38818359375 0.0224609375 0.0419921875
1 0.0244140625 0.615234375 0.025390625 0.03125
1 0.01513671875 0.67626953125 0.01953125 0.0322265625
1 0.0673828125 0.70458984375 0.0185546875 0.0302734375
1 0.283203125 0.96337890625 0.0205078125 0.02734375
1 0.310546875 0.98828125 0.01953125 0.0234375