0 0.80615234375 0.07568359375 0.0556640625 0.0556640625
0 0.68603515625 0.11328125 0.09375 0.0751953125
0 0.775390625 0.28173828125 0.2236328125 0.0966796875
0 0.9443359375 0.34765625 0.0341796875 0.029296875
0 0.8720703125 0.38134765625 0.033203125 0.029296875
0 0.7421875 0.4208984375 0.03515625 0.029296875
0 0.54638671875 0.115234375 0.0888671875 0.072265625
0 0.38232421875 0.1240234375 0.07421875 0.078125
0 0.29931640625 0.1787109375 0.080078125 0.0693359375
0 0.19677734375 0.138671875 0.0830078125 0.0693359375
0 0.13037109375 0.18701171875 0.0498046875 0.0595703125
0 0.9482421875 0.59326171875 0.0986328125 0.0703125
0 0.94677734375 0.75537109375 0.0908203125 0.064453125
0 0.91015625 0.8037109375 0.0380859375 0.033203125
0 0.8212890625 0.80859375 0.041015625 0.0263671875
0 0.806640625 0.74072265625 0.083984375 0.06640625
0 0.68603515625 0.8271484375 0.03515625 0.0322265625
0 0.62255859375 0.74951171875 0.0927734375 0.0703125
0 0.576171875 0.86669921875 0.033203125 0.033203125
0 0.48095703125 0.83203125 0.0615234375 0.046875
0 0.41015625 0.6611328125 0.080078125 0.056640625
0 0.40234375 0.73681640625 0.078125 0.0654296875
0 0.3427734375 0.8203125 0.0908203125 0.0712890625
0 0.3701171875 0.88671875 0.033203125 0.02734375
0 0.2412109375 0.58154296875 0.0751953125 0.0595703125
0 0.1435546875 0.82470703125 0.0830078125 0.0625
1 0.02294921875 0.22314453125 0.025390625 0.0283203125
1 0.02001953125 0.27734375 0.0263671875 0.04296875
1 0.06884765625 0.35791015625 0.0224609375 0.0419921875
1 0.017578125 0.58203125 0.025390625 0.03125
1 0.0068359375 0.64208984375 0.013671875 0.0322265625
1 0.05419921875 0.673828125 0.0185546875 0.0302734375
1 0.25146484375 0.947265625 0.0205078125 0.02734375
1 0.27734375 0.97802734375 0.01953125 0.0302734375