0 0.029296875 0.2021484375 0.05712890625 0.0625
0 0.1005859375 0.1484375 0.08203125 0.07080078125
0 0.2275390625 0.19287109375 0.078125 0.0625
0 0.28369140625 0.12939453125 0.06884765625 0.0625
0 0.09375 0.31201171875 0.0869140625 0.06103515625
0 0.44287109375 0.11181640625 0.0888671875 0.07080078125
0 0.58056640625 0.107421875 0.09619140625 0.06396484375
0 0.70263671875 0.0654296875 0.05322265625 0.0595703125
0 0.8408203125 0.2763671875 0.22021484375 0.091796875
0 0.6689453125 0.5849609375 0.0908203125 0.06396484375
0 0.95556640625 0.859375 0.0888671875 0.09765625
0 0.82861328125 0.74169921875 0.0830078125 0.05712890625
0 0.69189453125 0.7314453125 0.08056640625 0.052734375
0 0.7138671875 0.78466796875 0.02880859375 0.02099609375
0 0.62451171875 0.79443359375 0.03515625 0.03173828125
0 0.73486328125 0.8720703125 0.20947265625 0.10400390625
0 0.49365234375 0.85205078125 0.03271484375 0.02783203125
0 0.46240234375 0.7451171875 0.0888671875 0.0654296875
0 0.3740234375 0.8837890625 0.0283203125 0.0224609375
0 0.3515625 0.8291015625 0.0537109375 0.05126953125
0 0.20068359375 0.82080078125 0.0830078125 0.0625
0 0.18408203125 0.88525390625 0.0341796875 0.0263671875
0 0.20068359375 0.74169921875 0.0751953125 0.05712890625
0 0.14208984375 0.6650390625 0.0732421875 0.06396484375
1 0.1650390625 0.95703125 0.02099609375 0.0234375
1 0.94140625 0.0654296875 0.0185546875 0.0390625