0 0.08837890625 0.875 0.0673828125 0.0712890625
0 0.16748046875 0.91552734375 0.0927734375 0.083984375
0 0.28515625 0.849609375 0.087890625 0.0751953125
0 0.3515625 0.90234375 0.0791015625 0.0732421875
0 0.13232421875 0.755859375 0.0966796875 0.0751953125
0 0.51123046875 0.89208984375 0.099609375 0.0849609375
0 0.6474609375 0.87255859375 0.10546875 0.080078125
0 0.77490234375 0.892578125 0.0625 0.068359375
0 0.87451171875 0.6611328125 0.232421875 0.12890625
0 0.65185546875 0.38720703125 0.1005859375 0.0791015625
0 0.88623046875 0.06689453125 0.1044921875 0.111328125
0 0.78173828125 0.205078125 0.091796875 0.0703125
0 0.64892578125 0.23876953125 0.0888671875 0.06640625
0 0.6611328125 0.1826171875 0.0322265625 0.025390625
0 0.5712890625 0.1884765625 0.0400390625 0.037109375
0 0.66650390625 0.0927734375 0.224609375 0.138671875
0 0.4326171875 0.154296875 0.037109375 0.033203125
0 0.42041015625 0.26513671875 0.0986328125 0.080078125
0 0.30908203125 0.14404296875 0.0322265625 0.02734375
0 0.296875 0.20166015625 0.0615234375 0.0595703125
0 0.1494140625 0.23583984375 0.0927734375 0.076171875
0 0.1220703125 0.17529296875 0.0380859375 0.0322265625
0 0.1630859375 0.31396484375 0.083984375 0.0693359375
0 0.11865234375 0.3994140625 0.0830078125 0.076171875
1 0.0908203125 0.10791015625 0.0244140625 0.0263671875