0 0.02685546875 0.21044921875 0.0537109375 0.0634765625
0 0.0947265625 0.1552734375 0.0830078125 0.072265625
0 0.22216796875 0.19775390625 0.0791015625 0.0634765625
0 0.27734375 0.13330078125 0.0703125 0.0634765625
0 0.09033203125 0.3193359375 0.087890625 0.0625
0 0.43603515625 0.11279296875 0.08984375 0.072265625
0 0.57373046875 0.10595703125 0.09765625 0.0654296875
0 0.69482421875 0.06201171875 0.0546875 0.060546875
0 0.8369140625 0.2705078125 0.2216796875 0.095703125
0 0.67041015625 0.58203125 0.091796875 0.0654296875
0 0.9580078125 0.8515625 0.083984375 0.099609375
0 0.8330078125 0.73583984375 0.083984375 0.05859375
0 0.69580078125 0.72802734375 0.0810546875 0.0537109375
0 0.71875 0.78076171875 0.029296875 0.021484375
0 0.62939453125 0.7919921875 0.0361328125 0.0322265625
0 0.7412109375 0.86767578125 0.2109375 0.107421875
0 0.5 0.85205078125 0.033203125 0.0283203125
0 0.466796875 0.74560546875 0.08984375 0.0673828125
0 0.380859375 0.8857421875 0.0283203125 0.0234375
0 0.357421875 0.83154296875 0.0546875 0.0517578125
0 0.20654296875 0.826171875 0.083984375 0.0634765625
0 0.19091796875 0.890625 0.0341796875 0.02734375
0 0.205078125 0.7470703125 0.076171875 0.05859375
0 0.14501953125 0.67138671875 0.07421875 0.0654296875
1 0.1728515625 0.962890625 0.021484375 0.0234375
1 0.93359375 0.0576171875 0.01953125 0.0390625