0 0.013671875 0.22900390625 0.02734375 0.0537109375
0 0.05322265625 0.220703125 0.044921875 0.04296875
0 0.01806640625 0.1767578125 0.0234375 0.052734375
0 0.0380859375 0.171875 0.0263671875 0.05859375
0 0.07763671875 0.17041015625 0.02734375 0.0537109375
0 0.09228515625 0.162109375 0.0341796875 0.0634765625
0 0.11181640625 0.1669921875 0.03125 0.0537109375
0 0.15234375 0.22412109375 0.076171875 0.06640625
0 0.13232421875 0.3271484375 0.0859375 0.0732421875
0 0.203125 0.11279296875 0.0234375 0.0576171875
0 0.35546875 0.1376953125 0.0263671875 0.0546875
0 0.3779296875 0.13427734375 0.0234375 0.052734375
0 0.47216796875 0.21826171875 0.0341796875 0.0322265625
0 0.537109375 0.13525390625 0.09375 0.0751953125
0 0.888671875 0.1513671875 0.0771484375 0.0654296875
0 0.85791015625 0.35009765625 0.0341796875 0.0283203125
0 0.587890625 0.39208984375 0.033203125 0.025390625
0 0.05078125 0.736328125 0.0625 0.06640625
0 0.2109375 0.63916015625 0.083984375 0.0634765625
0 0.28955078125 0.71337890625 0.08203125 0.07421875
0 0.31494140625 0.7744140625 0.041015625 0.033203125
0 0.251953125 0.86865234375 0.0341796875 0.03125
0 0.38525390625 0.8681640625 0.037109375 0.0341796875
0 0.28662109375 0.97607421875 0.0322265625 0.0478515625
0 0.4404296875 0.7763671875 0.083984375 0.06640625
0 0.47265625 0.60986328125 0.0849609375 0.060546875
0 0.60302734375 0.666015625 0.0947265625 0.0712890625
0 0.58837890625 0.82861328125 0.0400390625 0.0380859375
0 0.6865234375 0.79443359375 0.0380859375 0.0341796875
0 0.6904296875 0.8486328125 0.0791015625 0.068359375
0 0.91796875 0.78857421875 0.083984375 0.0634765625
0 0.87841796875 0.73828125 0.03515625 0.0244140625
0 0.986328125 0.78369140625 0.02734375 0.0712890625
0 0.982421875 0.8505859375 0.03515625 0.03125
0 0.99462890625 0.556640625 0.0107421875 0.056640625
1 0.7490234375 0.06396484375 0.0263671875 0.044921875
1 0.7080078125 0.26171875 0.015625 0.033203125
1 0.71826171875 0.36328125 0.025390625 0.041015625
1 0.78759765625 0.3935546875 0.0205078125 0.0283203125
1 0.75830078125 0.548828125 0.01953125 0.0283203125
1 0.76611328125 0.60595703125 0.021484375 0.0478515625
1 0.767578125 0.80908203125 0.01953125 0.033203125
1 0.60888671875 0.96484375 0.017578125 0.0322265625
1 0.57080078125 0.97705078125 0.021484375 0.03515625