0 0.0244140625 0.11962890625 0.02880859375 0.0498046875
0 0.0283203125 0.17822265625 0.056640625 0.0478515625
0 0.0849609375 0.17578125 0.04150390625 0.0390625
0 0.0546875 0.1279296875 0.0185546875 0.05126953125
0 0.07470703125 0.12548828125 0.0205078125 0.05712890625
0 0.1142578125 0.1279296875 0.0224609375 0.05126953125
0 0.1298828125 0.12158203125 0.0283203125 0.06103515625
0 0.14892578125 0.12841796875 0.02587890625 0.05126953125
0 0.18310546875 0.189453125 0.0703125 0.0595703125
0 0.15234375 0.28955078125 0.0791015625 0.0654296875
0 0.2451171875 0.083984375 0.01806640625 0.0556640625
0 0.39404296875 0.12451171875 0.0205078125 0.052734375
0 0.4169921875 0.12353515625 0.0185546875 0.05126953125
0 0.501953125 0.216796875 0.03125 0.029296875
0 0.5751953125 0.14111328125 0.0869140625 0.06689453125
0 0.9228515625 0.19384765625 0.0712890625 0.05810546875
0 0.87158203125 0.38818359375 0.0322265625 0.02490234375
0 0.5986328125 0.40185546875 0.03125 0.0224609375
0 0.0283203125 0.68798828125 0.05615234375 0.06103515625
0 0.19775390625 0.6083984375 0.078125 0.0556640625
0 0.2685546875 0.6904296875 0.07568359375 0.06689453125
0 0.287109375 0.75341796875 0.0380859375 0.029296875
0 0.21484375 0.8408203125 0.03125 0.02783203125
0 0.34765625 0.85400390625 0.0341796875 0.03076171875
0 0.23779296875 0.9541015625 0.02734375 0.05126953125
0 0.412109375 0.7685546875 0.078125 0.05810546875
0 0.46142578125 0.6064453125 0.07958984375 0.052734375
0 0.5849609375 0.67578125 0.0888671875 0.0625
0 0.5537109375 0.8359375 0.03662109375 0.03466796875
0 0.65478515625 0.8125 0.03515625 0.03076171875
0 0.65283203125 0.86669921875 0.0732421875 0.06103515625
0 0.8857421875 0.83056640625 0.078125 0.0556640625
0 0.8515625 0.7763671875 0.03271484375 0.02099609375
0 0.97216796875 0.8349609375 0.0556640625 0.0654296875
0 0.9453125 0.89990234375 0.03759765625 0.02783203125
0 0.99169921875 0.6083984375 0.0166015625 0.0556640625
1 0.79345703125 0.09228515625 0.02197265625 0.04296875
1 0.73193359375 0.28466796875 0.0126953125 0.03173828125
1 0.7314453125 0.38671875 0.02099609375 0.0390625
1 0.79736328125 0.42431640625 0.01806640625 0.0263671875
1 0.751953125 0.57568359375 0.0166015625 0.0263671875
1 0.75341796875 0.63330078125 0.0166015625 0.0458984375
1 0.73388671875 0.83544921875 0.0166015625 0.03173828125
1 0.5595703125 0.9736328125 0.0146484375 0.03076171875
1 0.5205078125 0.98193359375 0.01806640625 0.033203125