0 0.1220703125 0.02490234375 0.0390625 0.0498046875
0 0.11279296875 0.08056640625 0.06640625 0.0595703125
0 0.16845703125 0.0908203125 0.048828125 0.0478515625
0 0.14990234375 0.037109375 0.029296875 0.0537109375
0 0.169921875 0.03955078125 0.033203125 0.060546875
0 0.2080078125 0.05078125 0.033203125 0.0546875
0 0.224609375 0.0478515625 0.041015625 0.0654296875
0 0.24169921875 0.05908203125 0.037109375 0.0556640625
0 0.26123046875 0.1259765625 0.08203125 0.07421875
0 0.20849609375 0.216796875 0.091796875 0.08203125
0 0.34521484375 0.037109375 0.0302734375 0.05859375
0 0.4814453125 0.1103515625 0.0322265625 0.0556640625
0 0.50390625 0.11474609375 0.029296875 0.0537109375
0 0.5654296875 0.224609375 0.037109375 0.03515625
0 0.65380859375 0.1669921875 0.099609375 0.0849609375
0 0.9697265625 0.296875 0.060546875 0.072265625
0 0.88720703125 0.474609375 0.037109375 0.03125
0 0.6181640625 0.4267578125 0.03515625 0.029296875
0 0.01611328125 0.5771484375 0.0322265625 0.072265625
0 0.18115234375 0.53759765625 0.0888671875 0.072265625
0 0.2314453125 0.63330078125 0.0888671875 0.08203125
0 0.2353515625 0.69921875 0.0439453125 0.037109375
0 0.1455078125 0.76806640625 0.037109375 0.0341796875
0 0.27197265625 0.810546875 0.0400390625 0.0380859375
0 0.142578125 0.88330078125 0.0380859375 0.0556640625
0 0.35400390625 0.74169921875 0.0888671875 0.07421875
0 0.4384765625 0.59521484375 0.08984375 0.0693359375
0 0.54345703125 0.6904296875 0.1005859375 0.0810546875
0 0.4765625 0.83935546875 0.0439453125 0.0419921875
0 0.58056640625 0.83935546875 0.041015625 0.0380859375
0 0.56640625 0.8916015625 0.0849609375 0.076171875
0 0.80126953125 0.90869140625 0.0888671875 0.072265625
0 0.7802734375 0.84814453125 0.0361328125 0.02734375
0 0.884765625 0.9326171875 0.0693359375 0.076171875
0 0.84375 0.98583984375 0.04296875 0.0283203125
0 0.95458984375 0.71630859375 0.0283203125 0.0576171875
1 0.87744140625 0.1689453125 0.03125 0.046875
1 0.7744140625 0.34228515625 0.01953125 0.0341796875
1 0.7509765625 0.44189453125 0.029296875 0.04296875
1 0.806640625 0.4931640625 0.0234375 0.029296875
1 0.728515625 0.63037109375 0.0224609375 0.029296875
1 0.716796875 0.68701171875 0.0263671875 0.048828125
1 0.65234375 0.87939453125 0.0234375 0.0341796875
1 0.45166015625 0.97509765625 0.021484375 0.033203125
1 0.41162109375 0.97412109375 0.025390625 0.0361328125