0 0.0546875 0.314453125 0.0673828125 0.0654296875
0 0.17138671875 0.08935546875 0.0927734375 0.087890625
0 0.2177734375 0.267578125 0.095703125 0.0810546875
0 0.25537109375 0.20263671875 0.091796875 0.0771484375
0 0.357421875 0.14404296875 0.099609375 0.0849609375
0 0.310546875 0.35009765625 0.1005859375 0.0712890625
0 0.32568359375 0.06689453125 0.0419921875 0.0419921875
0 0.36962890625 0.20654296875 0.0361328125 0.0419921875
0 0.578125 0.1787109375 0.0859375 0.0751953125
0 0.58740234375 0.11669921875 0.041015625 0.03125
0 0.7177734375 0.1962890625 0.08984375 0.07421875
0 0.74658203125 0.1513671875 0.0380859375 0.0380859375
0 0.84716796875 0.22900390625 0.1064453125 0.087890625
0 0.98046875 0.28466796875 0.0390625 0.0908203125
0 0.91455078125 0.33740234375 0.095703125 0.078125
0 0.9130859375 0.400390625 0.0439453125 0.0419921875
0 0.7626953125 0.44677734375 0.0869140625 0.0703125
0 0.77099609375 0.3642578125 0.087890625 0.076171875
0 0.5751953125 0.41015625 0.0927734375 0.076171875
0 0.5771484375 0.32763671875 0.09765625 0.0830078125
0 0.57861328125 0.62548828125 0.0390625 0.03515625
0 0.5576171875 0.7373046875 0.2255859375 0.1328125
0 0.55419921875 0.8251953125 0.083984375 0.07421875
0 0.626953125 0.89404296875 0.0908203125 0.0712890625
0 0.45068359375 0.845703125 0.0859375 0.083984375
0 0.28369140625 0.57470703125 0.037109375 0.0361328125
0 0.078125 0.54443359375 0.0458984375 0.0458984375
0 0.25830078125 0.751953125 0.1005859375 0.08203125
0 0.1962890625 0.81103515625 0.1123046875 0.0810546875
0 0.0390625 0.80810546875 0.029296875 0.0537109375
1 0.3916015625 0.75244140625 0.0234375 0.041015625
1 0.373046875 0.5712890625 0.0224609375 0.02734375
1 0.3544921875 0.54296875 0.0205078125 0.0302734375
1 0.3837890625 0.51123046875 0.01953125 0.03125
1 0.3740234375 0.45068359375 0.0205078125 0.0263671875
1 0.443359375 0.42724609375 0.021484375 0.0302734375
1 0.43505859375 0.177734375 0.017578125 0.0263671875
1 0.45068359375 0.0205078125 0.025390625 0.0390625