0 0.0546875 0.685546875 0.0673828125 0.0654296875
0 0.17138671875 0.91064453125 0.0927734375 0.087890625
0 0.2177734375 0.732421875 0.095703125 0.0810546875
0 0.25537109375 0.79736328125 0.091796875 0.0771484375
0 0.357421875 0.85595703125 0.099609375 0.0849609375
0 0.310546875 0.64990234375 0.1005859375 0.0712890625
0 0.32568359375 0.93310546875 0.0419921875 0.0419921875
0 0.36962890625 0.79345703125 0.0361328125 0.0419921875
0 0.578125 0.8212890625 0.0859375 0.0751953125
0 0.58740234375 0.88330078125 0.041015625 0.03125
0 0.7177734375 0.8037109375 0.08984375 0.07421875
0 0.74658203125 0.8486328125 0.0380859375 0.0380859375
0 0.84716796875 0.77099609375 0.1064453125 0.087890625
0 0.98046875 0.71435546875 0.0390625 0.0908203125
0 0.91455078125 0.66259765625 0.095703125 0.078125
0 0.9130859375 0.599609375 0.0439453125 0.0419921875
0 0.7626953125 0.55322265625 0.0869140625 0.0703125
0 0.77099609375 0.6357421875 0.087890625 0.076171875
0 0.5751953125 0.58984375 0.0927734375 0.076171875
0 0.5771484375 0.67236328125 0.09765625 0.0830078125
0 0.57861328125 0.37451171875 0.0390625 0.03515625
0 0.5576171875 0.2626953125 0.2255859375 0.1328125
0 0.55419921875 0.1748046875 0.083984375 0.07421875
0 0.626953125 0.10595703125 0.0908203125 0.0712890625
0 0.45068359375 0.154296875 0.0859375 0.083984375
0 0.28369140625 0.42529296875 0.037109375 0.0361328125
0 0.078125 0.45556640625 0.0458984375 0.0458984375
0 0.25830078125 0.248046875 0.1005859375 0.08203125
0 0.1962890625 0.18896484375 0.1123046875 0.0810546875
0 0.0390625 0.19189453125 0.029296875 0.0537109375
1 0.3916015625 0.24755859375 0.0234375 0.041015625
1 0.373046875 0.4287109375 0.0224609375 0.02734375
1 0.3544921875 0.45703125 0.0205078125 0.0302734375
1 0.3837890625 0.48876953125 0.01953125 0.03125
1 0.3740234375 0.54931640625 0.0205078125 0.0263671875
1 0.443359375 0.57275390625 0.021484375 0.0302734375
1 0.43505859375 0.822265625 0.017578125 0.0263671875
1 0.45068359375 0.9794921875 0.025390625 0.0390625