0 0.029296875 0.60546875 0.05859375 0.0556640625
0 0.10498046875 0.84716796875 0.08056640625 0.0751953125
0 0.181640625 0.6796875 0.0849609375 0.06689453125
0 0.20751953125 0.75048828125 0.08203125 0.06396484375
0 0.2978515625 0.82568359375 0.0888671875 0.07080078125
0 0.28759765625 0.61474609375 0.0927734375 0.0556640625
0 0.2529296875 0.89599609375 0.0361328125 0.0361328125
0 0.32080078125 0.7666015625 0.0302734375 0.03759765625
0 0.52099609375 0.830078125 0.07666015625 0.0625
0 0.51953125 0.892578125 0.03759765625 0.02490234375
0 0.66162109375 0.8369140625 0.08056640625 0.06103515625
0 0.68212890625 0.88623046875 0.03271484375 0.033203125
0 0.794921875 0.8271484375 0.09521484375 0.072265625
0 0.96142578125 0.79931640625 0.0771484375 0.0791015625
0 0.8798828125 0.73193359375 0.0859375 0.06396484375
0 0.8896484375 0.669921875 0.0380859375 0.0361328125
0 0.74951171875 0.59814453125 0.078125 0.05810546875
0 0.7431640625 0.6806640625 0.078125 0.06396484375
0 0.55859375 0.6015625 0.08349609375 0.0625
0 0.5458984375 0.68310546875 0.0869140625 0.0693359375
0 0.59912109375 0.39013671875 0.0341796875 0.029296875
0 0.59814453125 0.2763671875 0.21240234375 0.09716796875
0 0.60986328125 0.18896484375 0.07421875 0.0625
0 0.693359375 0.1337890625 0.08203125 0.05810546875
0 0.51171875 0.15087890625 0.07421875 0.072265625
0 0.2998046875 0.388671875 0.0322265625 0.03076171875
0 0.09228515625 0.3828125 0.0400390625 0.0400390625
0 0.3056640625 0.2099609375 0.0908203125 0.06689453125
0 0.2548828125 0.14111328125 0.10302734375 0.06396484375
0 0.099609375 0.11669921875 0.0205078125 0.05126953125
0 0.029296875 0.13525390625 0.05859375 0.048828125
1 0.43701171875 0.232421875 0.01708984375 0.0390625
1 0.38720703125 0.40771484375 0.0185546875 0.02490234375
1 0.3642578125 0.4326171875 0.015625 0.02783203125
1 0.3876953125 0.46875 0.0146484375 0.029296875
1 0.3671875 0.52685546875 0.0166015625 0.0234375
1 0.431640625 0.56201171875 0.0166015625 0.02783203125
1 0.3798828125 0.80615234375 0.01318359375 0.02490234375
1 0.3681640625 0.9638671875 0.01953125 0.0361328125
1 0.20947265625 0.97021484375 0.0205078125 0.0361328125
1 0.24072265625 0.9775390625 0.0166015625 0.0263671875