0 0.04638671875 0.15087890625 0.03125 0.056640625
0 0.06201171875 0.11328125 0.0341796875 0.0595703125
0 0.09130859375 0.0888671875 0.0390625 0.072265625
0 0.1005859375 0.18359375 0.0419921875 0.0751953125
0 0.10205078125 0.26171875 0.03125 0.0576171875
0 0.4677734375 0.052734375 0.029296875 0.048828125
0 0.51416015625 0.20361328125 0.033203125 0.0556640625
0 0.61474609375 0.28759765625 0.03125 0.0546875
0 0.78515625 0.5458984375 0.0302734375 0.048828125
0 0.99365234375 0.8212890625 0.0126953125 0.05078125
0 0.54296875 0.01318359375 0.021484375 0.0263671875
0 0.96435546875 0.0498046875 0.0283203125 0.0634765625