0 0.0654296875 0.12744140625 0.0283203125 0.0556640625
0 0.0830078125 0.0908203125 0.03076171875 0.05810546875
0 0.11328125 0.06787109375 0.03515625 0.07080078125
0 0.11767578125 0.1630859375 0.0380859375 0.07373046875
0 0.115234375 0.2412109375 0.0283203125 0.05615234375
0 0.4912109375 0.0517578125 0.0263671875 0.0478515625
0 0.52978515625 0.20458984375 0.0302734375 0.05419921875
0 0.62548828125 0.2939453125 0.02880859375 0.0537109375
0 0.7822265625 0.560546875 0.02783203125 0.04736328125
0 0.98486328125 0.84765625 0.02783203125 0.04931640625
0 0.568359375 0.0146484375 0.01953125 0.029296875
0 0.9873046875 0.07470703125 0.025390625 0.0625