0 0.099609375 0.0908203125 0.033203125 0.0576171875
0 0.1201171875 0.05615234375 0.0361328125 0.060546875
0 0.15234375 0.0361328125 0.041015625 0.072265625
0 0.1484375 0.130859375 0.0439453125 0.0771484375
0 0.13916015625 0.20849609375 0.033203125 0.05859375
0 0.5302734375 0.052734375 0.0302734375 0.0498046875
0 0.55517578125 0.20849609375 0.03515625 0.056640625
0 0.64306640625 0.3056640625 0.033203125 0.0556640625
0 0.77587890625 0.5849609375 0.0322265625 0.0498046875
0 0.95263671875 0.888671875 0.0322265625 0.0517578125
0 0.6103515625 0.0224609375 0.0224609375 0.03125