0 0.0947265625 0.7763671875 0.0390625 0.060546875
0 0.06884765625 0.74609375 0.0341796875 0.0478515625
0 0.05517578125 0.70703125 0.03125 0.0498046875
0 0.10791015625 0.68896484375 0.041015625 0.0615234375
0 0.11328125 0.615234375 0.03125 0.048828125
0 0.56787109375 0.9189453125 0.0302734375 0.05078125
0 0.54296875 0.79296875 0.0322265625 0.0458984375
0 0.63232421875 0.82177734375 0.033203125 0.046875
0 0.5126953125 0.77294921875 0.029296875 0.041015625
0 0.625 0.65234375 0.03125 0.0419921875
0 0.71533203125 0.60986328125 0.0283203125 0.0400390625
0 0.75244140625 0.49853515625 0.03125 0.04296875
0 0.8681640625 0.42333984375 0.033203125 0.046875
0 0.44580078125 0.9794921875 0.0302734375 0.041015625