0 0.08984375 0.23095703125 0.03759765625 0.0595703125
0 0.064453125 0.26123046875 0.033203125 0.04736328125
0 0.0517578125 0.30078125 0.0302734375 0.04931640625
0 0.1044921875 0.31787109375 0.03955078125 0.060546875
0 0.111328125 0.3916015625 0.0302734375 0.0478515625
0 0.560546875 0.080078125 0.02978515625 0.0498046875
0 0.5380859375 0.20654296875 0.03125 0.044921875
0 0.62646484375 0.17578125 0.0322265625 0.04638671875
0 0.5078125 0.22705078125 0.0283203125 0.041015625
0 0.62255859375 0.345703125 0.0302734375 0.04150390625
0 0.71337890625 0.38623046875 0.02783203125 0.03955078125
0 0.75244140625 0.4970703125 0.0302734375 0.04248046875
0 0.86962890625 0.5703125 0.0322265625 0.0458984375
0 0.4375 0.0205078125 0.029296875 0.041015625