0 0.0400390625 0.330078125 0.0498046875 0.06640625
0 0.02197265625 0.365234375 0.04296875 0.0537109375
0 0.01953125 0.40625 0.0390625 0.0546875
0 0.07373046875 0.41162109375 0.0517578125 0.068359375
0 0.0966796875 0.48193359375 0.0400390625 0.0537109375
0 0.46435546875 0.0771484375 0.0400390625 0.0556640625
0 0.47119140625 0.20556640625 0.041015625 0.05078125
0 0.55029296875 0.15576171875 0.0419921875 0.052734375
0 0.4462890625 0.232421875 0.037109375 0.0458984375
0 0.58447265625 0.322265625 0.0390625 0.046875
0 0.68212890625 0.34130859375 0.0361328125 0.044921875
0 0.7451171875 0.4404296875 0.0390625 0.0478515625
0 0.8759765625 0.4853515625 0.0419921875 0.0517578125
0 0.3310546875 0.046875 0.0380859375 0.046875