0 0.08642578125 0.2841796875 0.03759765625 0.05615234375
0 0.06201171875 0.31689453125 0.03271484375 0.0458984375
0 0.05224609375 0.357421875 0.0302734375 0.04736328125
0 0.1044921875 0.3671875 0.0380859375 0.05615234375
0 0.11279296875 0.439453125 0.0302734375 0.0478515625
0 0.4765625 0.1005859375 0.029296875 0.04150390625
0 0.47412109375 0.20458984375 0.02880859375 0.0400390625
0 0.59130859375 0.1357421875 0.029296875 0.044921875
0 0.57958984375 0.30712890625 0.02783203125 0.0390625
0 0.6171875 0.29345703125 0.0302734375 0.03955078125
0 0.6962890625 0.4091796875 0.03076171875 0.04150390625
0 0.8017578125 0.453125 0.02734375 0.03662109375
0 0.95458984375 0.60888671875 0.02685546875 0.02001953125
0 0.66943359375 0.22265625 0.0322265625 0.0439453125