0 0.8544921875 0.19677734375 0.048828125 0.0634765625
0 0.8857421875 0.22314453125 0.0419921875 0.0517578125
0 0.904296875 0.26025390625 0.0400390625 0.052734375
0 0.85546875 0.28173828125 0.0498046875 0.0634765625
0 0.86376953125 0.35400390625 0.0400390625 0.0537109375
0 0.43310546875 0.10546875 0.0380859375 0.046875
0 0.458984375 0.20654296875 0.037109375 0.0458984375
0 0.3291015625 0.16552734375 0.0390625 0.05078125
0 0.37890625 0.330078125 0.0361328125 0.0439453125
0 0.33935546875 0.3251953125 0.0380859375 0.044921875
0 0.2880859375 0.45556640625 0.0390625 0.046875
0 0.1953125 0.52197265625 0.03515625 0.0419921875
0 0.08154296875 0.70849609375 0.0302734375 0.025390625
0 0.2724609375 0.26806640625 0.041015625 0.0498046875