0 0.9423828125 0.6484375 0.0458984375 0.0615234375
0 0.96142578125 0.6123046875 0.0390625 0.05078125
0 0.96435546875 0.57080078125 0.037109375 0.0517578125
0 0.91162109375 0.5693359375 0.046875 0.0615234375
0 0.89208984375 0.4990234375 0.037109375 0.0517578125
0 0.58544921875 0.890625 0.03515625 0.0458984375
0 0.57177734375 0.78759765625 0.03515625 0.0439453125
0 0.466796875 0.8740234375 0.0361328125 0.048828125
0 0.45166015625 0.703125 0.033203125 0.04296875
0 0.41650390625 0.72216796875 0.0361328125 0.0439453125
0 0.3203125 0.62060546875 0.037109375 0.0458984375
0 0.20947265625 0.59326171875 0.033203125 0.0400390625
0 0.0341796875 0.46337890625 0.029296875 0.0244140625
0 0.3759765625 0.80029296875 0.0390625 0.048828125