0 0.94140625 0.43701171875 0.048828125 0.0615234375
0 0.95556640625 0.4765625 0.0419921875 0.05078125
0 0.95458984375 0.517578125 0.041015625 0.05078125
0 0.90283203125 0.509765625 0.0537109375 0.064453125
0 0.87646484375 0.57373046875 0.0400390625 0.048828125
0 0.736328125 0.06396484375 0.03515625 0.048828125
0 0.54345703125 0.17041015625 0.0380859375 0.04296875
0 0.43896484375 0.162109375 0.0390625 0.046875
0 0.5029296875 0.27490234375 0.0380859375 0.044921875
0 0.3779296875 0.33447265625 0.0361328125 0.04296875
0 0.33544921875 0.31298828125 0.0380859375 0.044921875
0 0.3349609375 0.2158203125 0.041015625 0.0458984375
0 0.115234375 0.41162109375 0.0361328125 0.04296875