0 0.083984375 0.33935546875 0.0380859375 0.05419921875
0 0.0615234375 0.37451171875 0.0322265625 0.044921875
0 0.05322265625 0.4150390625 0.03173828125 0.04443359375
0 0.10546875 0.4189453125 0.0419921875 0.05615234375
0 0.11669921875 0.4873046875 0.03173828125 0.04248046875
0 0.36767578125 0.02197265625 0.02587890625 0.0439453125
0 0.53173828125 0.1689453125 0.0302734375 0.03759765625
0 0.63525390625 0.1845703125 0.0302734375 0.041015625
0 0.5478515625 0.27978515625 0.02978515625 0.03955078125
0 0.65625 0.3662109375 0.0283203125 0.03759765625
0 0.7021484375 0.35498046875 0.0302734375 0.03955078125
0 0.724609375 0.26025390625 0.03271484375 0.0400390625
0 0.89453125 0.50048828125 0.0283203125 0.03759765625