0 0.90380859375 0.689453125 0.0419921875 0.056640625
0 0.9287109375 0.65576171875 0.03515625 0.046875
0 0.93994140625 0.61572265625 0.03515625 0.046875
0 0.8876953125 0.6083984375 0.0458984375 0.05859375
0 0.88134765625 0.53955078125 0.0341796875 0.044921875
0 0.5986328125 0.9814453125 0.029296875 0.037109375
0 0.4453125 0.828125 0.033203125 0.0400390625
0 0.34326171875 0.80517578125 0.033203125 0.04296875
0 0.43701171875 0.71630859375 0.0322265625 0.0419921875
0 0.3349609375 0.62255859375 0.03125 0.0390625
0 0.2880859375 0.63037109375 0.033203125 0.0419921875
0 0.25927734375 0.7236328125 0.03515625 0.0419921875
0 0.1064453125 0.47216796875 0.03125 0.0390625