0 0.06689453125 0.595703125 0.037109375 0.044921875
0 0.12109375 0.52294921875 0.0361328125 0.044921875
0 0.1171875 0.59228515625 0.0478515625 0.0537109375
0 0.07958984375 0.63671875 0.0380859375 0.0439453125
0 0.10693359375 0.669921875 0.0458984375 0.056640625
0 0.52197265625 0.982421875 0.0380859375 0.03515625
0 0.46484375 0.884765625 0.037109375 0.0517578125
0 0.64111328125 0.75830078125 0.03515625 0.0400390625
0 0.732421875 0.74609375 0.0361328125 0.0400390625
0 0.6494140625 0.64599609375 0.03515625 0.0390625
0 0.7470703125 0.5576171875 0.03125 0.0380859375
0 0.80322265625 0.56005859375 0.0361328125 0.0400390625
0 0.8212890625 0.662109375 0.03125 0.0380859375
0 0.85693359375 0.4638671875 0.03515625 0.037109375
0 0.97705078125 0.3935546875 0.029296875 0.0380859375