0 0.05712890625 0.47314453125 0.03125 0.041015625
0 0.1220703125 0.53662109375 0.0302734375 0.041015625
0 0.107421875 0.46875 0.041015625 0.0478515625
0 0.0634765625 0.4306640625 0.03271484375 0.0390625
0 0.0849609375 0.3935546875 0.03857421875 0.05126953125
0 0.44580078125 0.017578125 0.03271484375 0.03466796875
0 0.4052734375 0.12548828125 0.0302734375 0.04736328125
0 0.59912109375 0.22265625 0.0302734375 0.0361328125
0 0.69091796875 0.220703125 0.03076171875 0.03564453125
0 0.62451171875 0.33251953125 0.02978515625 0.03466796875
0 0.73486328125 0.404296875 0.0263671875 0.0341796875
0 0.7900390625 0.39306640625 0.03076171875 0.03564453125
0 0.7919921875 0.28955078125 0.0263671875 0.03466796875
0 0.8583984375 0.47998046875 0.0302734375 0.03271484375
0 0.98779296875 0.5302734375 0.0244140625 0.03515625