0 0.94140625 0.54296875 0.037109375 0.044921875
0 0.86767578125 0.59521484375 0.0361328125 0.044921875
0 0.892578125 0.53076171875 0.0478515625 0.0537109375
0 0.94189453125 0.5 0.0380859375 0.0439453125
0 0.9267578125 0.4599609375 0.0458984375 0.056640625
0 0.62890625 0.0322265625 0.0380859375 0.0390625
0 0.65234375 0.14501953125 0.037109375 0.0517578125
0 0.4453125 0.21044921875 0.03515625 0.0400390625
0 0.35498046875 0.1943359375 0.0361328125 0.0400390625
0 0.4033203125 0.31494140625 0.03515625 0.0390625
0 0.283203125 0.36865234375 0.03125 0.0380859375
0 0.23046875 0.34912109375 0.0361328125 0.0400390625
0 0.24462890625 0.24658203125 0.03125 0.0380859375
0 0.14892578125 0.42431640625 0.03515625 0.037109375
0 0.01416015625 0.45361328125 0.0283203125 0.0380859375