0 0.4501953125 0.02490234375 0.041015625 0.0498046875
0 0.5126953125 0.01904296875 0.044921875 0.0380859375
0 0.57861328125 0.07373046875 0.041015625 0.0478515625
0 0.53759765625 0.203125 0.0380859375 0.041015625
0 0.7255859375 0.3046875 0.0361328125 0.037109375
0 0.7294921875 0.4130859375 0.03515625 0.037109375
0 0.8076171875 0.306640625 0.0361328125 0.037109375
0 0.89404296875 0.3857421875 0.041015625 0.0439453125
0 0.89013671875 0.50439453125 0.037109375 0.0390625
0 0.11083984375 0.3564453125 0.046875 0.0517578125
0 0.08251953125 0.38916015625 0.041015625 0.0458984375
0 0.0693359375 0.43017578125 0.0390625 0.0439453125
0 0.11962890625 0.43212890625 0.048828125 0.0537109375
0 0.1220703125 0.4970703125 0.0380859375 0.04296875