0 0.06884765625 0.03564453125 0.01953125 0.02001953125
0 0.34375 0.044921875 0.03076171875 0.05078125
0 0.4033203125 0.02197265625 0.0361328125 0.0439453125
0 0.48046875 0.06689453125 0.0322265625 0.04150390625
0 0.4697265625 0.2021484375 0.03125 0.03466796875
0 0.67578125 0.2587890625 0.0302734375 0.03125
0 0.7041015625 0.36376953125 0.029296875 0.03125
0 0.75634765625 0.2421875 0.02978515625 0.03125
0 0.8583984375 0.2998046875 0.033203125 0.03759765625
0 0.88134765625 0.41650390625 0.0302734375 0.033203125
0 0.08837890625 0.44775390625 0.0380859375 0.04443359375
0 0.068359375 0.48583984375 0.03271484375 0.03955078125
0 0.064453125 0.52880859375 0.03125 0.03759765625
0 0.1142578125 0.51953125 0.03955078125 0.0458984375
0 0.130859375 0.58203125 0.0302734375 0.03662109375