0 0.75439453125 0.908203125 0.041015625 0.056640625
0 0.70166015625 0.94384765625 0.044921875 0.05078125
0 0.61669921875 0.91748046875 0.041015625 0.0478515625
0 0.5966796875 0.783203125 0.0380859375 0.041015625
0 0.3828125 0.7744140625 0.0361328125 0.037109375
0 0.33154296875 0.6787109375 0.03515625 0.037109375
0 0.30810546875 0.80908203125 0.0361328125 0.037109375
0 0.19580078125 0.77587890625 0.041015625 0.0439453125
0 0.14697265625 0.6669921875 0.037109375 0.0390625
0 0.91259765625 0.45849609375 0.046875 0.0517578125
0 0.923828125 0.41650390625 0.041015625 0.0458984375
0 0.91796875 0.3740234375 0.0390625 0.0439453125
0 0.87158203125 0.39404296875 0.048828125 0.0537109375
0 0.84130859375 0.3369140625 0.0380859375 0.04296875