0 0.0927734375 0.49951171875 0.0380859375 0.04248046875
0 0.076171875 0.5400390625 0.03271484375 0.033203125
0 0.0732421875 0.5830078125 0.03076171875 0.033203125
0 0.1220703125 0.56689453125 0.0400390625 0.04248046875
0 0.140625 0.626953125 0.02880859375 0.03173828125
0 0.169921875 0.14501953125 0.0205078125 0.01806640625
0 0.38134765625 0.11865234375 0.03271484375 0.0390625
0 0.4443359375 0.080078125 0.03662109375 0.04296875
0 0.52294921875 0.11328125 0.03173828125 0.03662109375
0 0.546875 0.24462890625 0.03173828125 0.03125
0 0.75927734375 0.27490234375 0.0302734375 0.03076171875
0 0.82373046875 0.2451171875 0.0302734375 0.02978515625
0 0.93212890625 0.296875 0.03173828125 0.033203125
0 0.9736328125 0.4169921875 0.0302734375 0.03076171875