0 0.90673828125 0.47900390625 0.0400390625 0.0439453125
0 0.92138671875 0.43798828125 0.0341796875 0.03515625
0 0.921875 0.39453125 0.0322265625 0.03515625
0 0.8740234375 0.41357421875 0.0419921875 0.044921875
0 0.85205078125 0.3544921875 0.0302734375 0.033203125
0 0.84814453125 0.83740234375 0.021484375 0.01953125
0 0.638671875 0.87451171875 0.03515625 0.041015625
0 0.57763671875 0.91650390625 0.0390625 0.044921875
0 0.49755859375 0.88720703125 0.033203125 0.0380859375
0 0.466796875 0.75732421875 0.033203125 0.033203125
0 0.2529296875 0.73828125 0.0322265625 0.0322265625
0 0.18994140625 0.771484375 0.0322265625 0.03125
0 0.0791015625 0.7255859375 0.033203125 0.03515625
0 0.03125 0.60791015625 0.0322265625 0.0322265625