0 0.09375 0.52783203125 0.041015625 0.044921875
0 0.080078125 0.5693359375 0.03515625 0.03515625
0 0.080078125 0.61279296875 0.033203125 0.03515625
0 0.12744140625 0.59326171875 0.04296875 0.044921875
0 0.150390625 0.65185546875 0.03125 0.033203125
0 0.14599609375 0.1689453125 0.021484375 0.01953125
0 0.35498046875 0.1279296875 0.03515625 0.041015625
0 0.4150390625 0.0849609375 0.0390625 0.0458984375
0 0.49609375 0.11279296875 0.0341796875 0.0390625
0 0.52880859375 0.2421875 0.0341796875 0.033203125
0 0.7431640625 0.25732421875 0.0322265625 0.033203125
0 0.80517578125 0.22314453125 0.0322265625 0.0322265625
0 0.9169921875 0.26708984375 0.0341796875 0.03515625
0 0.966796875 0.38427734375 0.0322265625 0.033203125