0 0.06640625 0.072265625 0.025390625 0.0634765625
0 0.11181640625 0.61376953125 0.0390625 0.0322265625
0 0.0966796875 0.65673828125 0.0322265625 0.0283203125
0 0.09619140625 0.69677734375 0.03125 0.0283203125
0 0.14111328125 0.66845703125 0.041015625 0.0302734375
0 0.16162109375 0.72021484375 0.0302734375 0.0283203125
0 0.5205078125 0.951171875 0.02734375 0.0302734375
0 0.24267578125 0.02880859375 0.03125 0.0546875
0 0.33984375 0.15869140625 0.029296875 0.03125
0 0.365234375 0.08935546875 0.033203125 0.037109375
0 0.49609375 0.1259765625 0.029296875 0.02734375
0 0.4970703125 0.28564453125 0.015625 0.0126953125
0 0.5849609375 0.2041015625 0.0322265625 0.025390625
0 0.63916015625 0.15869140625 0.03515625 0.0283203125
0 0.72607421875 0.16357421875 0.033203125 0.025390625
0 0.82275390625 0.26416015625 0.0322265625 0.0234375