0 0.03076171875 0.11181640625 0.02001953125 0.06201171875
0 0.123046875 0.64697265625 0.037109375 0.029296875
0 0.11181640625 0.69140625 0.0302734375 0.02587890625
0 0.11474609375 0.7314453125 0.02880859375 0.02587890625
0 0.1572265625 0.69921875 0.03857421875 0.02685546875
0 0.18212890625 0.7490234375 0.0283203125 0.02587890625
0 0.5595703125 0.94775390625 0.02490234375 0.02783203125
0 0.20263671875 0.05322265625 0.02685546875 0.05224609375
0 0.310546875 0.173828125 0.0263671875 0.029296875
0 0.330078125 0.1025390625 0.03076171875 0.0341796875
0 0.46337890625 0.1279296875 0.02734375 0.02490234375
0 0.478515625 0.28662109375 0.01513671875 0.01123046875
0 0.55908203125 0.19775390625 0.0302734375 0.02294921875
0 0.60888671875 0.14794921875 0.03271484375 0.02587890625
0 0.69580078125 0.14501953125 0.03125 0.0224609375
0 0.80078125 0.23681640625 0.0302734375 0.02099609375