0 0.005859375 0.05712890625 0.01171875 0.060546875
0 0.02197265625 0.23779296875 0.01953125 0.060546875
0 0.22705078125 0.15234375 0.0283203125 0.0439453125
0 0.3779296875 0.14599609375 0.02978515625 0.02587890625
0 0.37646484375 0.2177734375 0.02685546875 0.0224609375
0 0.52001953125 0.1376953125 0.02783203125 0.02490234375
0 0.57861328125 0.2734375 0.015625 0.0087890625
0 0.63232421875 0.1826171875 0.02978515625 0.02294921875
0 0.6708984375 0.12744140625 0.033203125 0.0263671875
0 0.76025390625 0.1201171875 0.0302734375 0.0263671875
0 0.8818359375 0.19384765625 0.033203125 0.0244140625
0 0.13623046875 0.69482421875 0.0361328125 0.02587890625
0 0.126953125 0.73974609375 0.0302734375 0.02294921875
0 0.171875 0.7412109375 0.03662109375 0.0234375
0 0.13134765625 0.7783203125 0.0283203125 0.02490234375
0 0.1982421875 0.78662109375 0.02734375 0.02294921875
0 0.505859375 0.9140625 0.0244140625 0.0244140625