0 0.93603515625 0.01513671875 0.0185546875 0.0302734375
0 0.9423828125 0.181640625 0.0263671875 0.0625
0 0.728515625 0.12158203125 0.033203125 0.046875
0 0.578125 0.1337890625 0.033203125 0.029296875
0 0.58837890625 0.20458984375 0.029296875 0.025390625
0 0.43603515625 0.14306640625 0.0302734375 0.0283203125
0 0.39453125 0.28466796875 0.0166015625 0.0107421875
0 0.330078125 0.201171875 0.0322265625 0.0263671875
0 0.28515625 0.15087890625 0.0361328125 0.0302734375
0 0.1953125 0.15478515625 0.033203125 0.0302734375
0 0.08349609375 0.24267578125 0.0361328125 0.0283203125
0 0.884765625 0.64892578125 0.0390625 0.0302734375
0 0.8994140625 0.6923828125 0.033203125 0.0263671875
0 0.85498046875 0.69921875 0.0390625 0.02734375
0 0.89990234375 0.7314453125 0.03125 0.0283203125
0 0.83447265625 0.74755859375 0.0302734375 0.0263671875
0 0.54443359375 0.91162109375 0.02734375 0.02734375