0 0.81884765625 0.80615234375 0.0341796875 0.0478515625
0 0.669921875 0.83349609375 0.033203125 0.029296875
0 0.66162109375 0.76220703125 0.029296875 0.0263671875
0 0.53076171875 0.861328125 0.03125 0.0283203125
0 0.45361328125 0.7353515625 0.0166015625 0.0107421875
0 0.4130859375 0.83251953125 0.0322265625 0.02734375
0 0.3828125 0.892578125 0.0361328125 0.0302734375
0 0.294921875 0.91259765625 0.033203125 0.0302734375
0 0.16455078125 0.8564453125 0.0361328125 0.0283203125
0 0.8330078125 0.25634765625 0.0390625 0.0302734375
0 0.8359375 0.21044921875 0.033203125 0.02734375
0 0.79150390625 0.21533203125 0.0390625 0.0283203125
0 0.826171875 0.1728515625 0.03125 0.0283203125
0 0.7587890625 0.17431640625 0.0302734375 0.0263671875
0 0.4365234375 0.0908203125 0.02734375 0.02734375