0 0.4541015625 0.90185546875 0.0234375 0.0234375
0 0.21533203125 0.8203125 0.0263671875 0.02001953125
0 0.1875 0.779296875 0.03662109375 0.0244140625
0 0.1513671875 0.73828125 0.03662109375 0.02587890625
0 0.14404296875 0.78271484375 0.02880859375 0.02294921875
0 0.1494140625 0.8203125 0.0283203125 0.0224609375
0 0.00537109375 0.626953125 0.0107421875 0.05810546875
0 0.02197265625 0.37451171875 0.01904296875 0.05810546875
0 0.212890625 0.1064453125 0.033203125 0.04736328125
0 0.2685546875 0.22705078125 0.02880859375 0.029296875
0 0.4296875 0.158203125 0.029296875 0.02587890625
0 0.4521484375 0.21630859375 0.02490234375 0.02294921875
0 0.580078125 0.12548828125 0.0263671875 0.02490234375
0 0.708984375 0.14404296875 0.02978515625 0.02587890625
0 0.73486328125 0.087890625 0.033203125 0.0283203125
0 0.828125 0.080078125 0.02978515625 0.02587890625
0 0.96142578125 0.1318359375 0.03076171875 0.0234375