0 0.43310546875 0.89892578125 0.0244140625 0.0244140625
0 0.19873046875 0.80517578125 0.02734375 0.021484375
0 0.17333984375 0.7626953125 0.0380859375 0.0263671875
0 0.13916015625 0.7197265625 0.0380859375 0.02734375
0 0.1298828125 0.763671875 0.0302734375 0.0244140625
0 0.13330078125 0.8017578125 0.029296875 0.0234375
0 0.0029296875 0.6005859375 0.005859375 0.05859375
0 0.029296875 0.349609375 0.0224609375 0.05859375
0 0.23388671875 0.091796875 0.03515625 0.048828125
0 0.283203125 0.21533203125 0.0302734375 0.03125
0 0.44775390625 0.15478515625 0.0302734375 0.02734375
0 0.46728515625 0.21435546875 0.0263671875 0.0244140625
0 0.599609375 0.13037109375 0.02734375 0.0263671875
0 0.7275390625 0.1552734375 0.03125 0.02734375
0 0.75634765625 0.1005859375 0.0341796875 0.0302734375
0 0.849609375 0.09765625 0.03125 0.02734375
0 0.97998046875 0.15625 0.0322265625 0.025390625