0 0.56689453125 0.10107421875 0.0244140625 0.0244140625
0 0.80126953125 0.19482421875 0.02734375 0.021484375
0 0.82666015625 0.2373046875 0.0380859375 0.0263671875
0 0.86083984375 0.2802734375 0.0380859375 0.02734375
0 0.8701171875 0.236328125 0.0302734375 0.0244140625
0 0.86669921875 0.1982421875 0.029296875 0.0234375
0 0.99658203125 0.3984375 0.0068359375 0.05859375
0 0.970703125 0.650390625 0.0224609375 0.05859375
0 0.76611328125 0.908203125 0.03515625 0.048828125
0 0.716796875 0.78466796875 0.0302734375 0.03125
0 0.55224609375 0.84521484375 0.0302734375 0.02734375
0 0.53271484375 0.78564453125 0.0263671875 0.0244140625
0 0.400390625 0.86962890625 0.02734375 0.0263671875
0 0.2724609375 0.8447265625 0.03125 0.02734375
0 0.24365234375 0.8994140625 0.0341796875 0.0302734375
0 0.150390625 0.90234375 0.03125 0.02734375
0 0.02001953125 0.84375 0.0322265625 0.025390625