0 0.6435546875 0.89404296875 0.025390625 0.0283203125
0 0.806640625 0.818359375 0.0302734375 0.029296875
0 0.8310546875 0.77880859375 0.0390625 0.0322265625
0 0.86474609375 0.73828125 0.0380859375 0.0302734375
0 0.87548828125 0.7841796875 0.0322265625 0.0302734375
0 0.8720703125 0.8203125 0.0302734375 0.0283203125
0 0.99658203125 0.6591796875 0.0068359375 0.05859375
0 0.96826171875 0.47412109375 0.02734375 0.060546875
0 0.845703125 0.05517578125 0.03125 0.0517578125
0 0.81005859375 0.02490234375 0.0322265625 0.0498046875
0 0.6962890625 0.16455078125 0.0361328125 0.033203125
0 0.6484375 0.24853515625 0.0302734375 0.0244140625
0 0.4765625 0.1494140625 0.03125 0.03125
0 0.43505859375 0.1962890625 0.0283203125 0.029296875
0 0.3095703125 0.109375 0.029296875 0.029296875
0 0.14453125 0.06982421875 0.0380859375 0.03515625
0 0.1669921875 0.12060546875 0.033203125 0.0302734375
0 0.05224609375 0.07470703125 0.033203125 0.029296875