0 0.40576171875 0.90869140625 0.0224609375 0.02587890625
0 0.234375 0.853515625 0.02734375 0.02587890625
0 0.20556640625 0.81689453125 0.0361328125 0.0283203125
0 0.1669921875 0.78076171875 0.03564453125 0.02587890625
0 0.162109375 0.82763671875 0.029296875 0.02685546875
0 0.169921875 0.86328125 0.02734375 0.02490234375
0 0.0166015625 0.72021484375 0.02099609375 0.05615234375
0 0.0322265625 0.53125 0.0205078125 0.05810546875
0 0.1025390625 0.1005859375 0.02587890625 0.04931640625
0 0.13427734375 0.06591796875 0.0263671875 0.048828125
0 0.26416015625 0.19091796875 0.03271484375 0.02978515625
0 0.322265625 0.2685546875 0.0283203125 0.021484375
0 0.48046875 0.1494140625 0.0283203125 0.0283203125
0 0.52734375 0.1904296875 0.025390625 0.02685546875
0 0.6416015625 0.0888671875 0.0263671875 0.0263671875
0 0.80029296875 0.02978515625 0.0341796875 0.03076171875
0 0.7841796875 0.0830078125 0.0302734375 0.02685546875
0 0.892578125 0.0234375 0.03076171875 0.02587890625