0 0.5439453125 0.0830078125 0.025390625 0.0283203125
0 0.720703125 0.11669921875 0.0302734375 0.029296875
0 0.75341796875 0.1494140625 0.0390625 0.0322265625
0 0.79638671875 0.1806640625 0.0380859375 0.0302734375
0 0.79541015625 0.1337890625 0.0322265625 0.0302734375
0 0.783203125 0.09912109375 0.0302734375 0.0283203125
0 0.953125 0.22265625 0.02734375 0.05859375
0 0.96044921875 0.412109375 0.02734375 0.060546875
0 0.943359375 0.84814453125 0.03125 0.0517578125
0 0.916015625 0.88623046875 0.0322265625 0.0517578125
0 0.77197265625 0.77783203125 0.0361328125 0.033203125
0 0.70458984375 0.7080078125 0.0302734375 0.0244140625
0 0.56201171875 0.845703125 0.03125 0.03125
0 0.5107421875 0.810546875 0.0283203125 0.029296875
0 0.40966796875 0.92529296875 0.029296875 0.029296875
0 0.25927734375 0.99267578125 0.0380859375 0.0146484375
0 0.2685546875 0.94873046875 0.033203125 0.0302734375