0 0.0390625 0.81884765625 0.021484375 0.0576171875
0 0.052734375 0.69384765625 0.02197265625 0.05908203125
0 0.185546875 0.82470703125 0.03515625 0.03076171875
0 0.18359375 0.87060546875 0.02880859375 0.02685546875
0 0.1923828125 0.904296875 0.02685546875 0.0244140625
0 0.22509765625 0.85498046875 0.03466796875 0.03271484375
0 0.2548828125 0.88671875 0.0283203125 0.02685546875
0 0.3662109375 0.93212890625 0.02294921875 0.0263671875
0 0.13916015625 0.23486328125 0.029296875 0.0439453125
0 0.169921875 0.18701171875 0.029296875 0.0380859375
0 0.31982421875 0.2216796875 0.0322265625 0.02783203125
0 0.38037109375 0.2734375 0.02734375 0.02587890625
0 0.53466796875 0.123046875 0.02685546875 0.029296875
0 0.59814453125 0.14111328125 0.0263671875 0.03076171875
0 0.70458984375 0.03173828125 0.025390625 0.029296875
0 0.85498046875 0.01025390625 0.03076171875 0.02001953125