0 0.1083984375 0.90087890625 0.0322265625 0.060546875
0 0.09814453125 0.775390625 0.033203125 0.0625
0 0.25341796875 0.87890625 0.0400390625 0.037109375
0 0.26025390625 0.92431640625 0.033203125 0.0322265625
0 0.275390625 0.95556640625 0.03125 0.029296875
0 0.2978515625 0.90087890625 0.0400390625 0.0390625
0 0.3330078125 0.92626953125 0.033203125 0.0322265625
0 0.451171875 0.94970703125 0.02734375 0.0302734375
0 0.09521484375 0.30859375 0.037109375 0.048828125
0 0.1162109375 0.255859375 0.0361328125 0.04296875
0 0.27001953125 0.26123046875 0.037109375 0.033203125
0 0.33935546875 0.30029296875 0.0322265625 0.0302734375
0 0.4619140625 0.12353515625 0.0322265625 0.0341796875
0 0.52783203125 0.12890625 0.0322265625 0.03515625
0 0.61083984375 0.0087890625 0.0302734375 0.017578125