0 0.86279296875 0.07275390625 0.0361328125 0.0615234375
0 0.8818359375 0.19677734375 0.0361328125 0.0625
0 0.7197265625 0.10498046875 0.0419921875 0.0390625
0 0.70947265625 0.06005859375 0.03515625 0.033203125
0 0.6923828125 0.02978515625 0.0322265625 0.0302734375
0 0.673828125 0.0859375 0.0419921875 0.041015625
0 0.63671875 0.06298828125 0.0341796875 0.033203125
0 0.517578125 0.0478515625 0.029296875 0.03125
0 0.9169921875 0.66259765625 0.0400390625 0.0498046875
0 0.89990234375 0.716796875 0.0380859375 0.0439453125
0 0.74609375 0.72216796875 0.0380859375 0.03515625
0 0.67431640625 0.68798828125 0.033203125 0.0322265625
0 0.56396484375 0.873046875 0.033203125 0.03515625
0 0.498046875 0.8720703125 0.033203125 0.0361328125
0 0.42333984375 0.99365234375 0.0322265625 0.0126953125