0 0.32177734375 0.96240234375 0.0234375 0.029296875
0 0.26416015625 0.9072265625 0.0263671875 0.0283203125
0 0.23388671875 0.8779296875 0.03515625 0.0380859375
0 0.20166015625 0.93212890625 0.0283203125 0.0302734375
0 0.19287109375 0.89892578125 0.029296875 0.029296875
0 0.1943359375 0.8544921875 0.0341796875 0.0361328125
0 0.05322265625 0.90478515625 0.0244140625 0.060546875
0 0.07421875 0.83349609375 0.0224609375 0.05859375
0 0.00341796875 0.6416015625 0.0068359375 0.048828125
0 0.009765625 0.52734375 0.01953125 0.0546875
0 0.19091796875 0.32177734375 0.0302734375 0.0302734375
0 0.22607421875 0.2529296875 0.029296875 0.02734375
0 0.38427734375 0.2138671875 0.0322265625 0.033203125
0 0.45166015625 0.24853515625 0.02734375 0.0302734375
0 0.60205078125 0.0810546875 0.0302734375 0.029296875
0 0.68115234375 0.0693359375 0.025390625 0.0302734375
0 0.0888671875 0.11572265625 0.0380859375 0.0634765625