0 0.337890625 0.96826171875 0.0224609375 0.0283203125
0 0.2783203125 0.9150390625 0.025390625 0.02783203125
0 0.2470703125 0.88720703125 0.0341796875 0.03662109375
0 0.216796875 0.9423828125 0.02734375 0.029296875
0 0.20703125 0.9091796875 0.0283203125 0.0283203125
0 0.20703125 0.86474609375 0.03271484375 0.03466796875
0 0.0673828125 0.919921875 0.0224609375 0.0595703125
0 0.0859375 0.84814453125 0.0205078125 0.05810546875
0 0.005859375 0.6591796875 0.01123046875 0.048828125
0 0.01025390625 0.54443359375 0.0205078125 0.05419921875
0 0.18505859375 0.33251953125 0.02880859375 0.029296875
0 0.2177734375 0.2626953125 0.0283203125 0.0263671875
0 0.37451171875 0.21826171875 0.03125 0.03173828125
0 0.44287109375 0.25048828125 0.0263671875 0.029296875
0 0.58740234375 0.07763671875 0.029296875 0.02783203125
0 0.666015625 0.0634765625 0.0244140625 0.02978515625
0 0.07568359375 0.13037109375 0.0361328125 0.06201171875