0 0.37939453125 0.01953125 0.0244140625 0.0302734375
0 0.3154296875 0.0673828125 0.02734375 0.0302734375
0 0.28173828125 0.09228515625 0.037109375 0.0390625
0 0.25634765625 0.03466796875 0.0302734375 0.03125
0 0.24365234375 0.06689453125 0.0302734375 0.0302734375
0 0.23974609375 0.111328125 0.03515625 0.037109375
0 0.10546875 0.0439453125 0.02734375 0.0615234375
0 0.11767578125 0.1171875 0.025390625 0.0595703125
0 0.021484375 0.29833984375 0.015625 0.0498046875
0 0.01611328125 0.4130859375 0.025390625 0.0556640625
0 0.171875 0.63916015625 0.03125 0.03125
0 0.1982421875 0.7119140625 0.0302734375 0.0283203125
0 0.3505859375 0.76953125 0.0341796875 0.0341796875
0 0.42138671875 0.74365234375 0.029296875 0.03125
0 0.55029296875 0.92822265625 0.03125 0.0302734375
0 0.62744140625 0.94921875 0.02734375 0.0322265625
0 0.044921875 0.8310546875 0.041015625 0.064453125