0 0.64404296875 0.02587890625 0.0263671875 0.03515625
0 0.6767578125 0.03857421875 0.037109375 0.046875
0 0.716796875 0.04736328125 0.03515625 0.04296875
0 0.7109375 0.01171875 0.029296875 0.0234375
0 0.89697265625 0.03515625 0.021484375 0.046875
0 0.90576171875 0.1376953125 0.0263671875 0.05078125
0 0.94677734375 0.18505859375 0.037109375 0.0751953125
0 0.95751953125 0.29736328125 0.025390625 0.0458984375
0 0.833984375 0.6279296875 0.0400390625 0.037109375
0 0.71630859375 0.58642578125 0.029296875 0.0341796875
0 0.701171875 0.6923828125 0.0283203125 0.03515625
0 0.5439453125 0.86181640625 0.03125 0.041015625
0 0.462890625 0.8779296875 0.0263671875 0.033203125