0 0.3232421875 0.962890625 0.0244140625 0.033203125
0 0.29150390625 0.94775390625 0.03369140625 0.04443359375
0 0.251953125 0.9365234375 0.03271484375 0.041015625
0 0.25439453125 0.9794921875 0.02685546875 0.03662109375
0 0.07177734375 0.93603515625 0.0185546875 0.0458984375
0 0.06982421875 0.8330078125 0.0234375 0.04931640625
0 0.0322265625 0.783203125 0.03173828125 0.07275390625
0 0.029296875 0.67041015625 0.0224609375 0.04443359375
0 0.17578125 0.34912109375 0.03759765625 0.03466796875
0 0.2900390625 0.3984375 0.02734375 0.03271484375
0 0.31298828125 0.2939453125 0.0263671875 0.033203125
0 0.4814453125 0.13623046875 0.0283203125 0.0390625
0 0.5634765625 0.12548828125 0.02392578125 0.03125