0 0.26806640625 0.06201171875 0.0283203125 0.0361328125
0 0.23828125 0.0810546875 0.0390625 0.0478515625
0 0.20068359375 0.09716796875 0.037109375 0.044921875
0 0.19775390625 0.05419921875 0.03125 0.0400390625
0 0.02197265625 0.11962890625 0.0244140625 0.0478515625
0 0.0322265625 0.2216796875 0.029296875 0.0517578125
0 0.01025390625 0.275390625 0.0205078125 0.076171875
0 0.0126953125 0.3876953125 0.025390625 0.046875
0 0.19677734375 0.689453125 0.0419921875 0.0390625
0 0.30419921875 0.62646484375 0.03125 0.0361328125
0 0.33935546875 0.7275390625 0.0302734375 0.0361328125
0 0.52587890625 0.86328125 0.033203125 0.0419921875
0 0.60888671875 0.86376953125 0.02734375 0.0341796875